xof 0303txt 0032
template XSkinMeshHeader {
 <3cf169ce-ff7c-44ab-93c0-f78f62d172e2>
 WORD nMaxSkinWeightsPerVertex;
 WORD nMaxSkinWeightsPerFace;
 WORD nBones;
}

template VertexDuplicationIndices {
 <b8d65549-d7c9-4995-89cf-53a9a8b031e3>
 DWORD nIndices;
 DWORD nOriginalVertices;
 array DWORD indices[nIndices];
}

template SkinWeights {
 <6f0d123b-bad2-4167-a0d0-80224f25fabb>
 STRING transformNodeName;
 DWORD nWeights;
 array DWORD vertexIndices[nWeights];
 array FLOAT weights[nWeights];
 Matrix4x4 matrixOffset;
}

template AnimTicksPerSecond {
 <9e415a43-7ba6-4a73-8743-b73d47e88476>
 DWORD AnimTicksPerSecond;
}


AnimTicksPerSecond {
 9603;
}

Frame Dummy01 {
 

 FrameTransformMatrix {
  1.000000,0.000000,0.000000,0.000000,0.000000,-0.000000,-1.000000,0.000000,0.000000,1.000000,-0.000000,0.000000,0.000000,0.000000,0.000000,1.000000;;
 }

 Frame Bip01 {
  

  FrameTransformMatrix {
   -0.376830,0.926267,-0.005436,0.000000,0.033089,0.019325,0.999266,0.000000,0.925691,0.376373,-0.037931,0.000000,-0.018073,-0.035436,0.485796,1.000000;;
  }

  Frame Bip01_Pelvis {
   

   FrameTransformMatrix {
    0.002602,0.998463,-0.055359,0.000000,-0.046873,0.055420,0.997362,0.000000,0.998898,0.000000,0.046945,0.000000,0.000000,0.000000,0.000000,1.000000;;
   }

   Frame Bip01_Spine {
    

    FrameTransformMatrix {
     0.998883,0.007433,0.046660,0.000000,-0.019351,0.965283,0.260486,0.000000,-0.043104,-0.261098,0.964349,0.000000,0.051558,0.002884,-0.000082,1.000000;;
    }

    Frame Bip01_Spine1 {
     

     FrameTransformMatrix {
      0.996031,0.047138,0.075503,0.000000,-0.052508,0.996107,0.070802,0.000000,-0.071872,-0.074485,0.994629,0.000000,0.106486,0.000006,-0.000084,1.000000;;
     }

     Frame Bip01_Neck {
      

      FrameTransformMatrix {
       0.965961,0.160315,0.203025,0.000000,-0.162021,0.986752,-0.008301,0.000000,-0.201666,-0.024876,0.979138,0.000000,0.130510,0.000001,0.004626,1.000000;;
      }

      Frame Bip01_Head {
       

       FrameTransformMatrix {
        0.988322,-0.148104,0.035854,0.000000,0.149801,0.901175,-0.406748,0.000000,0.027930,0.407369,0.912836,0.000000,0.033674,0.000000,-0.000000,1.000000;;
       }

       Frame Bip01_HeadNub {
        

        FrameTransformMatrix {
         1.000000,-0.000000,0.000000,0.000000,0.000000,1.000000,-0.000000,0.000000,0.000000,0.000000,1.000000,0.000000,0.169824,0.000000,0.000000,1.000000;;
        }
       }
      }

      Frame Bip01_L_Clavicle {
       

       FrameTransformMatrix {
        0.089780,0.995910,-0.010117,0.000000,0.974889,-0.089954,-0.203717,0.000000,-0.203794,0.008427,-0.978978,0.000000,-0.021632,0.019437,-0.000074,1.000000;;
       }

       Frame Bip01_L_UpperArm {
        

        FrameTransformMatrix {
         -0.003422,-0.193228,-0.981148,0.000000,0.296551,0.936822,-0.185533,0.000000,0.955011,-0.291595,0.054096,0.000000,0.087086,0.000000,0.000000,1.000000;;
        }

        Frame Bip01_L_Forearm {
         

         FrameTransformMatrix {
          -0.149934,-0.000000,-0.988696,0.000000,0.000000,1.000000,0.000000,0.000000,0.988696,-0.000000,-0.149934,0.000000,0.137062,0.000000,-0.000000,1.000000;;
         }

         Frame Bip01_L_Hand {
          

          FrameTransformMatrix {
           0.772747,0.610685,0.172987,0.000000,-0.199916,-0.024493,0.979507,0.000000,0.602407,-0.791494,0.103159,0.000000,0.137062,-0.000000,0.000000,1.000000;;
          }

          Frame Bip01_L_Finger0 {
           

           FrameTransformMatrix {
            0.370241,-0.503806,0.780449,0.000000,0.794693,0.606833,0.014732,0.000000,-0.481024,0.614764,0.625046,0.000000,0.057681,-0.023605,-0.000272,1.000000;;
           }

           Frame Bip01_L_Finger0Nub {
            

            FrameTransformMatrix {
             1.000000,-0.000000,0.000000,0.000000,-0.000000,1.000000,0.000000,0.000000,0.000000,0.000000,1.000000,0.000000,0.029435,0.000000,0.000000,1.000000;;
            }
           }
          }

          Frame Bip01_L_Finger1 {
           

           FrameTransformMatrix {
            0.662163,-0.000597,0.749359,0.000000,-0.000000,1.000000,0.000796,0.000000,-0.749360,-0.000527,0.662163,0.000000,0.084102,-0.000000,0.000000,1.000000;;
           }

           Frame Bip01_L_Finger1Nub {
            

            FrameTransformMatrix {
             1.000000,-0.000000,0.000000,0.000000,0.000000,1.000000,0.000000,0.000000,0.000000,-0.000000,1.000000,0.000000,0.047988,0.000000,0.000000,1.000000;;
            }
           }
          }
         }
        }
       }
      }

      Frame Bip01_R_Clavicle {
       

       FrameTransformMatrix {
        -0.186040,-0.982076,0.030275,0.000000,-0.961175,0.188298,0.201709,0.000000,-0.203794,0.008427,-0.978978,0.000000,-0.026671,-0.011575,0.000708,1.000000;;
       }

       Frame Bip01_R_UpperArm {
        

        FrameTransformMatrix {
         0.383967,0.870748,-0.307191,0.000000,-0.922897,0.372297,-0.098262,0.000000,0.028805,0.321235,0.946561,0.000000,0.087086,0.000000,-0.000000,1.000000;;
        }

        Frame Bip01_R_Forearm {
         

         FrameTransformMatrix {
          -0.726478,0.000000,-0.687190,0.000000,-0.000000,1.000000,-0.000000,0.000000,0.687190,0.000000,-0.726478,0.000000,0.137062,0.000000,0.000000,1.000000;;
         }

         Frame Bip01_R_Hand {
          

          FrameTransformMatrix {
           0.961004,-0.216833,0.171627,0.000000,0.093134,-0.330593,-0.939167,0.000000,0.260381,0.918527,-0.297506,0.000000,0.137062,-0.000000,0.000000,1.000000;;
          }

          Frame Bip01_R_Finger0 {
           

           FrameTransformMatrix {
            -0.119180,0.310912,0.942937,0.000000,-0.869175,0.426392,-0.250449,0.000000,-0.479928,-0.849426,0.219420,0.000000,0.057681,0.023605,-0.000272,1.000000;;
           }

           Frame Bip01_R_Finger0Nub {
            

            FrameTransformMatrix {
             -1.000000,-0.000000,-0.000000,0.000000,0.000000,1.000000,0.000000,0.000000,-0.000000,-0.000000,-1.000000,0.000000,0.029435,0.000000,0.000000,1.000000;;
            }
           }
          }

          Frame Bip01_R_Finger1 {
           

           FrameTransformMatrix {
            0.546903,0.000667,0.837195,0.000000,-0.000000,1.000000,-0.000796,0.000000,-0.837196,0.000435,0.546903,0.000000,0.084102,-0.000000,-0.000000,1.000000;;
           }

           Frame Bip01_R_Finger1Nub {
            

            FrameTransformMatrix {
             -1.000000,-0.000000,-0.000000,0.000000,0.000000,1.000000,0.000000,0.000000,0.000000,-0.000000,-1.000000,0.000000,0.047988,-0.000000,0.000000,1.000000;;
            }
           }
          }
         }
        }
       }
      }
     }

     Frame Bip01_BackPack {
      

      FrameTransformMatrix {
       0.096193,0.169560,-0.980814,0.000000,0.015394,0.985012,0.171795,0.000000,0.995244,-0.031624,0.092141,0.000000,0.063696,0.000001,-0.088852,1.000000;;
      }

      Frame Bip01_BackPackNub {
       

       FrameTransformMatrix {
        0.000796,0.000003,1.000000,0.000000,0.000000,-1.000000,0.000003,0.000000,1.000000,0.000000,-0.000796,0.000000,0.053240,0.000000,0.000000,1.000000;;
       }
      }
     }
    }

    Frame Bip01_L_Thigh {
     

     FrameTransformMatrix {
      -0.995920,-0.054036,0.072274,0.000000,0.071539,-0.960948,0.267322,0.000000,0.055007,0.271402,0.960893,0.000000,-0.051107,0.051544,-0.011365,1.000000;;
     }

     Frame Bip01_L_Calf {
      

      FrameTransformMatrix {
       0.744596,0.000000,-0.667516,0.000000,0.000000,1.000000,0.000000,0.000000,0.667516,-0.000000,0.744596,0.000000,0.237500,-0.000000,-0.000000,1.000000;;
      }

      Frame Bip01_L_Foot {
       

       FrameTransformMatrix {
        0.987197,0.043922,0.153339,0.000000,-0.052618,0.997201,0.053123,0.000000,-0.150576,-0.060511,0.986745,0.000000,0.206841,0.000000,0.000000,1.000000;;
       }

       Frame Bip01_L_Toe0 {
        

        FrameTransformMatrix {
         -0.829102,0.023562,0.558600,0.000000,0.168692,0.963091,0.209758,0.000000,-0.533041,0.268142,-0.802476,0.000000,0.065373,-0.000000,0.066450,1.000000;;
        }

        Frame Bip01_L_Toe0Nub {
         

         FrameTransformMatrix {
          -1.000000,0.000000,0.000000,0.000000,0.000000,1.000000,0.000000,0.000000,0.000000,0.000000,-1.000000,0.000000,0.006735,0.000000,0.000000,1.000000;;
         }
        }
       }
      }
     }
    }

    Frame Bip01_R_Thigh {
     

     FrameTransformMatrix {
      -0.880070,0.108182,0.462355,0.000000,-0.097899,-0.994121,0.046260,0.000000,0.464642,-0.004552,0.885487,0.000000,-0.051928,-0.055073,0.017473,1.000000;;
     }

     Frame Bip01_R_Calf {
      

      FrameTransformMatrix {
       0.800331,-0.000000,-0.599558,0.000000,0.000000,1.000000,0.000000,0.000000,0.599558,0.000000,0.800331,0.000000,0.237500,0.000000,0.000000,1.000000;;
      }

      Frame Bip01_R_Foot {
       

       FrameTransformMatrix {
        0.980086,0.030338,0.196240,0.000000,-0.012571,0.995757,-0.091159,0.000000,-0.198173,0.086877,0.976309,0.000000,0.206841,0.000000,0.000000,1.000000;;
       }

       Frame Bip01_R_Toe0 {
        

        FrameTransformMatrix {
         0.782560,-0.159192,0.601878,0.000000,-0.162132,0.881289,0.443896,0.000000,-0.601093,-0.444959,0.663851,0.000000,0.065373,0.000000,0.066450,1.000000;;
        }

        Frame Bip01_R_Toe0Nub {
         

         FrameTransformMatrix {
          1.000000,0.000000,-0.000000,0.000000,0.000000,1.000000,0.000000,0.000000,0.000000,0.000000,1.000000,0.000000,0.006735,0.000000,0.000000,1.000000;;
         }
        }
       }
      }
     }
    }
   }

   Frame Bip01_DressFront {
    

    FrameTransformMatrix {
     -0.911709,0.006531,0.410785,0.000000,0.032918,0.997820,0.057193,0.000000,-0.409516,0.065666,-0.909936,0.000000,-0.043942,0.001390,0.061074,1.000000;;
    }

    Frame Bip01_DressFront02 {
     

     FrameTransformMatrix {
      0.839849,-0.060839,0.539400,0.000000,0.057651,0.998076,0.022810,0.000000,-0.539750,0.011940,0.841741,0.000000,0.183395,-0.000002,-0.000111,1.000000;;
     }

     Frame Bip01_DressFrontNub {
      

      FrameTransformMatrix {
       0.000796,0.000003,1.000000,0.000000,0.000000,-1.000000,0.000003,0.000000,1.000000,-0.000000,-0.000796,0.000000,0.165302,0.000000,0.000000,1.000000;;
      }
     }
    }
   }

   Frame Bip01_DressBack {
    

    FrameTransformMatrix {
     -0.949015,-0.138575,0.283139,0.000000,-0.186574,0.970896,-0.150170,0.000000,-0.254089,-0.195340,-0.947249,0.000000,-0.047697,0.000027,-0.078286,1.000000;;
    }

    Frame Bip01_DressBack02 {
     

     FrameTransformMatrix {
      0.599868,0.119546,0.791118,0.000000,-0.199374,0.979919,0.003101,0.000000,-0.774860,-0.159588,0.611656,0.000000,0.176243,0.000017,-0.000067,1.000000;;
     }

     Frame Bip01_DressBackNub {
      

      FrameTransformMatrix {
       0.000796,0.000003,1.000000,0.000000,-0.000000,-1.000000,0.000003,0.000000,1.000000,-0.000000,-0.000796,0.000000,0.136508,-0.000000,0.000000,1.000000;;
      }
     }
    }
   }
  }

  Frame Bip01_Prop1 {
   

   FrameTransformMatrix {
    -0.074369,0.012462,0.997153,0.000000,-0.771885,0.632382,-0.065471,0.000000,-0.631398,-0.774556,-0.037410,0.000000,0.168911,0.269356,-0.124222,1.000000;;
   }
  }

  Frame Bip01_Prop2 {
   

   FrameTransformMatrix {
    0.596321,-0.708081,0.378183,0.000000,0.689561,0.210640,-0.692918,0.000000,0.410982,0.673982,0.613874,0.000000,0.130238,0.267981,-0.065605,1.000000;;
   }
  }
 }
}

Frame Translation_Data {
 

 FrameTransformMatrix {
  -0.000000,0.000000,-1.000000,0.000000,-1.000000,-0.000000,0.000000,0.000000,-0.000000,1.000000,0.000000,0.000000,0.000000,-0.000000,0.000000,1.000000;;
 }
}

Frame Body {
 

 FrameTransformMatrix {
  1.000000,0.000000,0.000000,0.000000,0.000000,1.000000,0.000000,0.000000,0.000000,0.000000,1.000000,0.000000,0.000000,0.000000,0.000000,1.000000;;
 }

 Mesh Body {
  1451;
  0.013850;0.746200;-0.049674;,
  -0.009513;0.768923;-0.015642;,
  -0.015486;0.738259;-0.028586;,
  0.019746;0.725127;-0.056827;,
  0.024723;0.708272;-0.057291;,
  -0.020135;0.705512;-0.043575;,
  -0.012253;0.672522;-0.051952;,
  0.035739;0.675292;-0.050007;,
  0.014600;0.791819;0.010840;,
  0.045393;0.770839;-0.016705;,
  0.068865;0.766513;0.000183;,
  0.047463;0.773891;0.025365;,
  0.072449;0.536917;0.044147;,
  0.041689;0.531651;0.080869;,
  0.042491;0.544410;0.071376;,
  0.064973;0.547147;0.038283;,
  0.038853;0.547330;-0.011077;,
  0.060106;0.521323;0.005754;,
  0.001712;0.542122;-0.028689;,
  0.007011;0.487518;-0.016643;,
  0.037122;0.497143;-0.017383;,
  -0.053847;0.709578;-0.020501;,
  -0.059584;0.673508;-0.024917;,
  0.002074;0.526631;0.094652;,
  0.003065;0.541709;0.087598;,
  0.061826;0.641894;0.051368;,
  0.022431;0.644784;0.085440;,
  0.026875;0.684339;0.086113;,
  0.069251;0.683229;0.047799;,
  0.019003;0.445905;-0.022368;,
  0.015301;0.346626;-0.020674;,
  0.060135;0.341470;-0.005880;,
  0.063550;0.442612;0.001466;,
  0.007131;0.242883;-0.016395;,
  0.048300;0.250444;0.013044;,
  -0.020557;0.450691;0.014511;,
  0.008710;0.427956;0.094441;,
  0.009242;0.350609;0.088244;,
  -0.021412;0.350690;0.018734;,
  0.009757;0.266876;0.062930;,
  -0.006270;0.253664;0.028394;,
  0.077385;0.425853;0.058917;,
  0.081644;0.343029;0.055195;,
  0.048095;0.265532;0.049048;,
  0.081864;0.044815;0.195231;,
  0.037742;0.046041;0.203990;,
  0.054721;0.072210;0.241544;,
  0.088333;0.069802;0.232626;,
  0.022881;0.199588;0.038233;,
  0.032380;0.143727;0.085984;,
  0.068763;0.157577;0.098834;,
  0.061281;0.213714;0.050103;,
  0.045554;0.084680;0.137299;,
  0.072585;0.099571;0.153529;,
  -0.006870;0.203821;0.079481;,
  0.008319;0.248896;0.108538;,
  0.020875;0.192893;0.140859;,
  0.012143;0.159990;0.114873;,
  0.046645;0.124425;0.174405;,
  0.037145;0.094030;0.164965;,
  0.075574;0.248708;0.081971;,
  0.079738;0.186136;0.122277;,
  0.069038;0.126344;0.164348;,
  0.068134;0.492614;0.008619;,
  -0.035474;0.479018;-0.014182;,
  -0.030149;0.444627;-0.000948;,
  -0.020557;0.450691;0.014511;,
  0.087962;0.487778;0.059286;,
  0.048820;0.485744;0.098602;,
  0.080557;0.438709;0.060943;,
  0.045493;0.443082;0.095910;,
  0.052676;0.594026;0.053138;,
  0.076640;0.638525;0.018416;,
  0.075670;0.642453;-0.002304;,
  0.038456;0.644024;-0.041544;,
  0.030110;0.595110;-0.023112;,
  0.064742;0.593464;0.014282;,
  -0.010463;0.641714;-0.049672;,
  -0.005219;0.591015;-0.034331;,
  -0.057256;0.645031;-0.023159;,
  -0.048186;0.587065;-0.010823;,
  0.020301;0.759829;-0.062462;,
  0.019744;0.718094;-0.028498;,
  -0.007591;0.748936;-0.103307;,
  -0.020516;0.699988;-0.071259;,
  -0.032679;0.683928;-0.114994;,
  -0.024810;0.723724;-0.141555;,
  0.056976;0.684323;-0.062924;,
  0.028207;0.667174;-0.101504;,
  -0.020516;0.699988;-0.071259;,
  -0.023793;0.658497;-0.144928;,
  -0.032679;0.683928;-0.114994;,
  0.064893;0.687636;-0.070324;,
  0.068292;0.726317;-0.092832;,
  0.041406;0.716261;-0.133441;,
  -0.016211;0.698144;-0.171511;,
  0.043753;0.751768;-0.079229;,
  -0.020068;0.737600;-0.126261;,
  -0.028812;0.691926;-0.092530;,
  -0.072557;0.725910;-0.067763;,
  -0.064944;0.753847;-0.090322;,
  -0.108024;0.746752;-0.048899;,
  -0.104865;0.767305;-0.063329;,
  -0.028812;0.691926;-0.092530;,
  -0.065555;0.665864;-0.136435;,
  -0.106108;0.710072;-0.111323;,
  -0.072557;0.725910;-0.067763;,
  -0.131092;0.736294;-0.079216;,
  -0.108024;0.746752;-0.048899;,
  -0.056723;0.711332;-0.169863;,
  -0.099825;0.731487;-0.128526;,
  -0.129393;0.753120;-0.088345;,
  -0.189828;0.845829;-0.026005;,
  -0.178706;0.827296;-0.021919;,
  -0.193132;0.798495;-0.057711;,
  -0.203815;0.817034;-0.061363;,
  -0.142768;0.809847;-0.013856;,
  -0.152684;0.814496;-0.016282;,
  -0.148916;0.823879;-0.020620;,
  -0.136459;0.819659;-0.013674;,
  -0.160998;0.756912;-0.063067;,
  -0.177463;0.789309;-0.071737;,
  -0.137704;0.808910;-0.043098;,
  -0.130916;0.777693;-0.029373;,
  -0.141055;0.770893;-0.092020;,
  -0.172509;0.803080;-0.085299;,
  -0.108545;0.792282;-0.057558;,
  -0.133706;0.821436;-0.058051;,
  0.066824;0.770462;-0.033875;,
  0.052025;0.769447;-0.059715;,
  0.045393;0.770839;-0.016705;,
  0.025845;0.768048;-0.034179;,
  0.087748;0.683919;0.011468;,
  0.006005;0.782140;-0.014696;,
  0.035710;0.751612;-0.068771;,
  0.013850;0.746200;-0.049674;,
  0.019746;0.725127;-0.056827;,
  0.037237;0.731616;-0.054851;,
  0.087411;0.722811;-0.007347;,
  0.067125;0.721925;0.037594;,
  0.086737;0.726462;-0.012944;,
  0.024184;0.720488;0.076739;,
  0.007401;0.771887;0.050599;,
  0.068865;0.766513;0.000183;,
  0.086737;0.726462;-0.012944;,
  0.043508;0.703623;-0.036361;,
  0.081063;0.717856;-0.018157;,
  0.019744;0.718094;-0.028498;,
  0.069839;0.678424;-0.014785;,
  0.043283;0.673106;-0.037413;,
  0.024723;0.708272;-0.057291;,
  0.083766;0.682098;-0.005797;,
  -0.130916;0.777693;-0.029373;,
  0.010215;0.817338;0.009233;,
  0.008584;0.809488;-0.011972;,
  -0.005314;0.796330;0.032013;,
  -0.008437;0.823714;0.027384;,
  -0.133706;0.821436;-0.058051;,
  -0.189828;0.845829;-0.026005;,
  -0.203815;0.817034;-0.061363;,
  -0.132576;0.795648;-0.023486;,
  -0.123490;0.819320;-0.028784;,
  -0.132576;0.795648;-0.023486;,
  -0.146074;0.804641;-0.030819;,
  -0.138070;0.822917;-0.045230;,
  -0.138070;0.822917;-0.045230;,
  -0.142768;0.809847;-0.013856;,
  -0.136459;0.819659;-0.013674;,
  -0.148916;0.823879;-0.020620;,
  0.067322;0.020364;0.120380;,
  0.027940;-0.000696;0.099918;,
  0.029044;-0.020241;0.103927;,
  0.072782;-0.001993;0.124991;,
  0.045653;0.094484;0.215758;,
  0.054721;0.072210;0.241544;,
  0.037742;0.046041;0.203990;,
  0.033664;0.065553;0.188699;,
  0.046645;0.124425;0.174405;,
  0.069038;0.126344;0.164348;,
  0.085396;0.094041;0.203298;,
  0.081864;0.044815;0.195231;,
  0.088333;0.069802;0.232626;,
  0.079382;0.072528;0.173911;,
  0.045554;0.084680;0.137299;,
  0.072585;0.099571;0.153529;,
  -0.002166;-0.012254;0.121023;,
  0.004186;0.004273;0.116810;,
  0.072782;-0.001993;0.124991;,
  -0.002166;-0.012254;0.121023;,
  -0.021412;0.350690;0.018734;,
  -0.006270;0.253664;0.028394;,
  -0.006870;0.203821;0.079481;,
  0.012143;0.159990;0.114873;,
  0.037145;0.094030;0.164965;,
  0.037145;0.094030;0.164965;,
  -0.013104;0.432482;0.046652;,
  0.013120;0.815678;-0.027745;,
  0.000335;0.806339;-0.042232;,
  -0.006776;0.799812;-0.036498;,
  -0.005978;0.802698;-0.021849;,
  0.009241;0.839840;-0.008272;,
  0.005709;0.854319;0.010713;,
  -0.035323;0.943251;-0.063861;,
  -0.054736;0.946265;-0.059121;,
  -0.060126;0.926986;-0.081266;,
  -0.024447;0.867523;-0.095415;,
  -0.029931;0.896671;-0.093631;,
  -0.042209;0.863464;-0.096298;,
  0.015134;0.843605;-0.032540;,
  0.002073;0.825267;-0.051988;,
  0.012316;0.828837;-0.021823;,
  0.015645;0.881976;-0.025383;,
  0.008701;0.885431;-0.048661;,
  0.001056;0.918974;-0.062845;,
  -0.013845;0.908761;-0.084147;,
  -0.001709;0.873578;-0.070879;,
  0.010714;0.902607;0.009355;,
  0.016873;0.889903;-0.010617;,
  -0.023753;0.903811;0.030947;,
  -0.034212;0.945747;0.007248;,
  -0.005318;0.943408;-0.011394;,
  0.002362;0.852171;-0.064501;,
  -0.016801;0.839787;-0.080525;,
  -0.009082;0.811547;-0.059653;,
  -0.022410;0.783707;-0.060175;,
  -0.042965;0.776381;-0.062256;,
  -0.037103;0.780267;-0.042318;,
  -0.034742;0.917337;-0.088931;,
  -0.014943;0.934908;-0.066758;,
  0.004520;0.936699;-0.032636;,
  -0.013264;0.949933;-0.041030;,
  -0.044956;0.957308;-0.024751;,
  -0.028815;0.955747;-0.031421;,
  -0.021172;0.863741;0.029574;,
  0.004520;0.936699;-0.032636;,
  -0.013264;0.949933;-0.041030;,
  0.016202;0.874138;-0.037530;,
  0.018829;0.846336;-0.035101;,
  0.025955;0.877906;-0.027092;,
  0.018003;0.893623;-0.038385;,
  0.025955;0.877906;-0.027092;,
  0.018829;0.846336;-0.035101;,
  0.018003;0.893623;-0.038385;,
  0.008701;0.885431;-0.048661;,
  0.010979;0.860371;-0.049087;,
  0.015134;0.843605;-0.032540;,
  -0.020357;0.861093;-0.085890;,
  0.010979;0.860371;-0.049087;,
  0.006005;0.782140;-0.014696;,
  0.008584;0.809488;-0.011972;,
  0.025845;0.768048;-0.034179;,
  0.009241;0.839840;-0.008272;,
  -0.043272;0.758696;-0.011930;,
  -0.046998;0.735078;-0.014352;,
  -0.039547;0.539283;-0.015539;,
  0.009174;0.482361;0.112382;,
  0.008817;0.448178;0.109546;,
  0.006422;0.430203;0.104452;,
  -0.039370;0.787137;-0.024740;,
  -0.013104;0.432482;0.046652;,
  -0.028815;0.955747;-0.031421;,
  -0.044956;0.957308;-0.024751;,
  -0.027832;0.812595;-0.072820;,
  -0.040171;0.832000;-0.082463;,
  -0.038648;0.822682;-0.080445;,
  -0.061999;0.914579;-0.090350;,
  -0.062292;0.890089;-0.097247;,
  -0.040441;0.857241;-0.085000;,
  0.014718;0.594276;0.081387;,
  0.025845;0.768048;-0.034179;,
  0.029044;-0.020241;0.103927;,
  -0.027379;0.806296;-0.070862;,
  -0.036238;0.801920;-0.074563;,
  -0.036154;0.807491;-0.072308;,
  -0.055738;0.825177;-0.091784;,
  -0.052010;0.819486;-0.081087;,
  -0.038243;0.809962;-0.077620;,
  -0.047459;0.806808;-0.069424;,
  -0.048028;0.798756;-0.073224;,
  -0.059970;0.859404;-0.097181;,
  -0.057574;0.851418;-0.091359;,
  0.081063;0.717856;-0.018157;,
  -0.050132;0.808226;-0.077738;,
  0.051708;0.706243;-0.021512;,
  0.043508;0.703623;-0.036361;,
  0.024723;0.708272;-0.057291;,
  0.016873;0.889903;-0.010617;,
  0.022881;0.199588;0.038233;,
  -0.025585;0.208262;-0.024672;,
  -0.007285;0.141233;0.004512;,
  0.032380;0.143727;0.085984;,
  0.007131;0.242883;-0.016395;,
  -0.030977;0.262502;-0.047538;,
  0.015301;0.346626;-0.020674;,
  -0.033146;0.354650;-0.029004;,
  0.019003;0.445905;-0.022368;,
  -0.029514;0.440593;-0.018599;,
  0.007011;0.487518;-0.016643;,
  -0.000209;0.076357;0.030771;,
  0.045554;0.084680;0.137299;,
  0.032804;0.198832;0.162544;,
  0.045020;0.144140;0.204906;,
  0.005433;0.121700;0.170714;,
  -0.004009;0.180662;0.132695;,
  -0.013368;0.230404;0.087484;,
  0.016734;0.255778;0.118337;,
  -0.021001;0.276290;0.058054;,
  0.012290;0.275628;0.091163;,
  0.013039;0.351437;0.102692;,
  -0.007005;0.352105;0.086857;,
  0.007826;0.420684;0.109664;,
  0.051708;0.706243;-0.021512;,
  -0.093711;0.756103;0.035433;,
  -0.104353;0.736216;0.041438;,
  -0.067520;0.742274;0.012719;,
  -0.053400;0.772666;0.019113;,
  -0.109388;0.719476;0.045717;,
  -0.107665;0.683984;0.060367;,
  -0.097692;0.677701;0.013808;,
  -0.084120;0.710449;0.007216;,
  -0.030799;0.795875;0.046751;,
  -0.025809;0.779545;0.083528;,
  -0.053181;0.777218;0.098516;,
  -0.063773;0.782391;0.070013;,
  -0.084704;0.533949;0.099664;,
  -0.075750;0.545090;0.096452;,
  -0.036379;0.543257;0.103977;,
  -0.037551;0.530154;0.108861;,
  -0.092137;0.545415;0.043068;,
  -0.098692;0.518324;0.061851;,
  -0.078123;0.540955;0.004311;,
  -0.094688;0.495846;0.030388;,
  -0.070338;0.486058;0.010681;,
  0.003065;0.541709;0.087598;,
  0.002074;0.526631;0.094652;,
  -0.021751;0.645244;0.113196;,
  -0.020907;0.688693;0.117191;,
  0.026875;0.684339;0.086113;,
  0.022431;0.644784;0.085440;,
  -0.095577;0.461074;0.007814;,
  -0.107982;0.444512;0.052982;,
  -0.132605;0.356879;0.008505;,
  -0.114996;0.374908;-0.031749;,
  -0.128927;0.268934;-0.023764;,
  -0.127470;0.282020;-0.073702;,
  -0.045388;0.462373;-0.002458;,
  -0.061513;0.370001;-0.037477;,
  -0.027801;0.338295;0.022769;,
  -0.004732;0.414792;0.070519;,
  -0.082796;0.275582;-0.056198;,
  -0.063580;0.270155;-0.020570;,
  -0.099296;0.331438;0.057886;,
  -0.077658;0.411595;0.093639;,
  -0.098137;0.267606;0.000962;,
  -0.069630;0.001201;0.003391;,
  -0.038630;0.002315;0.036592;,
  -0.010751;0.004592;0.015791;,
  -0.035780;0.004058;-0.026121;,
  -0.106709;0.218289;-0.052419;,
  -0.118349;0.217528;-0.011444;,
  -0.100430;0.145206;-0.005921;,
  -0.090708;0.146246;-0.045734;,
  -0.076068;0.069605;-0.000944;,
  -0.075296;0.069354;-0.035785;,
  -0.056479;0.209275;-0.052791;,
  -0.052664;0.151374;-0.039822;,
  -0.030764;0.166490;-0.006266;,
  -0.033351;0.232294;-0.007603;,
  -0.047587;0.064769;-0.025090;,
  -0.037945;0.085825;0.000005;,
  -0.082875;0.157246;0.026212;,
  -0.095026;0.230692;0.030115;,
  -0.058656;0.088170;0.013001;,
  -0.102171;0.489398;0.068782;,
  -0.045388;0.462373;-0.002458;,
  -0.030420;0.484248;0.126594;,
  -0.085610;0.484500;0.120603;,
  -0.027848;0.432864;0.110765;,
  -0.077245;0.428098;0.106438;,
  -0.025606;0.595645;0.106144;,
  -0.057786;0.643914;0.117861;,
  -0.077197;0.648582;0.110782;,
  -0.066283;0.596175;0.103000;,
  -0.088355;0.597561;0.057102;,
  -0.104017;0.649736;0.063854;,
  -0.085865;0.592684;0.020275;,
  -0.097800;0.645215;0.014937;,
  -0.147732;0.744640;0.070651;,
  -0.173099;0.702379;0.082291;,
  -0.107071;0.732791;0.037457;,
  -0.178302;0.651782;0.102240;,
  -0.145624;0.633556;0.071514;,
  -0.136052;0.678750;0.041559;,
  -0.073350;0.707217;0.081283;,
  -0.136052;0.678750;0.041559;,
  -0.094172;0.661308;0.089593;,
  -0.145624;0.633556;0.071514;,
  -0.141995;0.609739;0.082122;,
  -0.073351;0.709216;0.092437;,
  -0.131100;0.685221;0.130437;,
  -0.105886;0.726302;0.118203;,
  -0.174822;0.627774;0.112554;,
  -0.133657;0.740577;0.096757;,
  -0.164305;0.677503;0.108717;,
  -0.166118;0.716602;0.063579;,
  -0.140585;0.707204;0.038938;,
  -0.123139;0.659910;0.072715;,
  -0.171609;0.747908;0.024887;,
  -0.152382;0.738874;0.012872;,
  -0.123139;0.659910;0.072715;,
  -0.140585;0.707204;0.038938;,
  -0.182974;0.674265;0.019134;,
  -0.162221;0.618947;0.047142;,
  -0.152382;0.738874;0.012872;,
  -0.179602;0.716197;-0.003467;,
  -0.202260;0.681461;0.038379;,
  -0.202992;0.636685;0.082972;,
  -0.195678;0.725401;0.006657;,
  -0.176526;0.835132;-0.059292;,
  -0.195452;0.793829;-0.073812;,
  -0.185988;0.778888;-0.061229;,
  -0.166723;0.820393;-0.046233;,
  -0.151586;0.794282;-0.009662;,
  -0.151618;0.804612;-0.004241;,
  -0.156984;0.807942;-0.017707;,
  -0.152716;0.798099;-0.020149;,
  -0.171873;0.742272;-0.032875;,
  -0.153244;0.775906;-0.001350;,
  -0.180166;0.796786;-0.008286;,
  -0.194687;0.766893;-0.049283;,
  -0.213343;0.772260;-0.044674;,
  -0.204495;0.739979;-0.013850;,
  -0.185553;0.774448;0.020137;,
  -0.199412;0.800418;-0.004697;,
  -0.086975;0.786067;0.087732;,
  -0.108898;0.785739;0.067451;,
  -0.078726;0.777911;0.048526;,
  -0.063773;0.782391;0.070013;,
  -0.060643;0.692913;0.125681;,
  -0.054539;0.787717;0.033155;,
  -0.118735;0.766582;0.051550;,
  -0.121040;0.746200;0.055702;,
  -0.104353;0.736216;0.041438;,
  -0.093711;0.756103;0.035433;,
  -0.064757;0.737477;0.116979;,
  -0.069079;0.741392;0.115070;,
  -0.023217;0.728896;0.109308;,
  0.024184;0.720488;0.076739;,
  0.007401;0.771887;0.050599;,
  -0.053181;0.777218;0.098516;,
  -0.069079;0.741392;0.115070;,
  -0.092239;0.715792;0.069384;,
  -0.107071;0.732791;0.037457;,
  -0.076045;0.733008;0.108804;,
  -0.097536;0.681641;0.070972;,
  -0.081935;0.687623;0.102032;,
  -0.109388;0.719476;0.045717;,
  -0.076474;0.691810;0.117536;,
  -0.153244;0.775906;-0.001350;,
  -0.051882;0.815701;0.019960;,
  -0.034518;0.821934;0.032857;,
  -0.008437;0.823714;0.027384;,
  -0.005314;0.796330;0.032013;,
  -0.199412;0.800418;-0.004697;,
  -0.176526;0.835132;-0.059292;,
  -0.195452;0.793829;-0.073812;,
  -0.168027;0.806019;0.006956;,
  -0.162911;0.781438;0.000585;,
  -0.162911;0.781438;0.000585;,
  -0.168325;0.789437;-0.014365;,
  -0.182631;0.808892;-0.009611;,
  -0.182631;0.808892;-0.009611;,
  -0.151618;0.804612;-0.004241;,
  -0.151586;0.794282;-0.009662;,
  -0.156984;0.807942;-0.017707;,
  -0.122301;0.020856;-0.053631;,
  -0.129709;-0.001225;-0.056542;,
  -0.123846;0.000336;-0.108047;,
  -0.119615;0.019104;-0.102649;,
  -0.016309;0.037952;0.005815;,
  -0.037805;0.028995;-0.028399;,
  -0.035780;0.004058;-0.026121;,
  -0.010751;0.004592;0.015791;,
  -0.037945;0.085825;0.000005;,
  -0.049856;0.038276;0.030503;,
  -0.058656;0.088170;0.013001;,
  -0.069630;0.001201;0.003391;,
  -0.074261;0.035943;0.002908;,
  -0.038630;0.002315;0.036592;,
  -0.075296;0.069354;-0.035785;,
  -0.076068;0.069605;-0.000944;,
  -0.091256;0.018064;-0.110956;,
  -0.089758;0.002813;-0.120774;,
  -0.089758;0.002813;-0.120774;,
  -0.129709;-0.001225;-0.056542;,
  -0.061513;0.370001;-0.037477;,
  -0.082796;0.275582;-0.056198;,
  -0.056479;0.209275;-0.052791;,
  -0.052664;0.151374;-0.039822;,
  -0.047587;0.064769;-0.025090;,
  -0.047587;0.064769;-0.025090;,
  -0.074773;0.809088;-0.000617;,
  -0.052817;0.807511;0.002887;,
  -0.061271;0.795726;-0.019678;,
  -0.071182;0.800976;-0.020159;,
  -0.063977;0.834349;0.014326;,
  -0.052419;0.849960;0.028655;,
  -0.072838;0.940438;-0.052282;,
  -0.054736;0.946265;-0.059121;,
  -0.089098;0.862676;-0.075460;,
  -0.074534;0.861040;-0.086321;,
  -0.087590;0.892347;-0.075835;,
  -0.080650;0.819064;-0.026455;,
  -0.082911;0.836253;-0.002279;,
  -0.072588;0.822470;0.004383;,
  -0.084542;0.874463;0.005540;,
  -0.092394;0.877851;-0.017458;,
  -0.094735;0.866602;-0.042166;,
  -0.097056;0.902521;-0.058463;,
  -0.098673;0.911496;-0.032063;,
  -0.078345;0.882762;0.018772;,
  -0.063847;0.897016;0.032368;,
  -0.023753;0.903811;0.030947;,
  -0.067946;0.938712;0.007936;,
  -0.034212;0.945747;0.007248;,
  -0.091568;0.845127;-0.035509;,
  -0.073969;0.806681;-0.039625;,
  -0.083215;0.834807;-0.060026;,
  -0.059584;0.780920;-0.048702;,
  -0.083841;0.913655;-0.073777;,
  -0.089971;0.929282;-0.043601;,
  -0.078963;0.945007;-0.020752;,
  -0.086977;0.929838;-0.004395;,
  -0.061666;0.953284;-0.021282;,
  -0.044956;0.957308;-0.024751;,
  -0.021172;0.863741;0.029574;,
  -0.086977;0.929838;-0.004395;,
  -0.078963;0.945007;-0.020752;,
  -0.093204;0.868971;0.009687;,
  -0.087644;0.838352;-0.002238;,
  -0.090740;0.866119;-0.004522;,
  -0.095170;0.885136;-0.003453;,
  -0.087644;0.838352;-0.002238;,
  -0.093204;0.868971;0.009687;,
  -0.095170;0.885136;-0.003453;,
  -0.092394;0.877851;-0.017458;,
  -0.091080;0.852718;-0.017586;,
  -0.082911;0.836253;-0.002279;,
  -0.086222;0.856154;-0.065561;,
  -0.091080;0.852718;-0.017586;,
  -0.051882;0.815701;0.019960;,
  -0.054539;0.787717;0.033155;,
  -0.078726;0.777911;0.048526;,
  -0.063977;0.834349;0.014326;,
  0.009174;0.482361;0.112382;,
  0.008817;0.448178;0.109546;,
  0.006422;0.430203;0.104452;,
  -0.013104;0.432482;0.046652;,
  -0.061666;0.953284;-0.021282;,
  -0.044956;0.957308;-0.024751;,
  -0.066182;0.809719;-0.060983;,
  -0.062997;0.820856;-0.072929;,
  -0.064154;0.830202;-0.075060;,
  -0.068795;0.855115;-0.076248;,
  0.014718;0.594276;0.081387;,
  -0.078726;0.777911;0.048526;,
  -0.123846;0.000336;-0.108047;,
  -0.058839;0.800225;-0.067587;,
  -0.064595;0.803505;-0.059375;,
  -0.058403;0.805823;-0.065441;,
  -0.060011;0.808329;-0.070901;,
  -0.076045;0.733008;0.108804;,
  -0.077987;0.719364;0.078789;,
  -0.092239;0.715792;0.069384;,
  -0.109388;0.719476;0.045717;,
  -0.078345;0.882762;0.018772;,
  -0.077967;0.226015;-0.077639;,
  -0.074645;0.150648;-0.062870;,
  -0.046568;0.147844;-0.038583;,
  -0.052705;0.221403;-0.055550;,
  -0.091386;0.285658;-0.086761;,
  -0.058111;0.280883;-0.077339;,
  -0.068576;0.372207;-0.052326;,
  -0.048187;0.360252;-0.047564;,
  -0.055554;0.455119;-0.021987;,
  -0.040452;0.440827;-0.022320;,
  -0.035474;0.479018;-0.014182;,
  -0.070338;0.486058;0.010681;,
  -0.068338;0.079252;-0.055641;,
  -0.042853;0.084222;-0.027502;,
  -0.004468;0.092750;0.036844;,
  -0.058643;0.088172;0.012995;,
  -0.082875;0.157246;0.026212;,
  -0.020401;0.164277;0.027726;,
  -0.095026;0.230692;0.030115;,
  -0.031822;0.229404;0.009426;,
  -0.039884;0.266240;0.002996;,
  -0.098137;0.267606;0.000962;,
  -0.099296;0.331438;0.057886;,
  -0.017666;0.331168;0.035131;,
  0.008817;0.448178;0.109546;,
  -0.027848;0.432864;0.110765;,
  -0.077987;0.719364;0.078789;,
  -0.095577;0.461074;0.007814;,
  -0.114996;0.374908;-0.031749;,
  -0.127470;0.282020;-0.073702;,
  -0.106709;0.218289;-0.052419;,
  -0.090708;0.146246;-0.045734;,
  -0.075296;0.069354;-0.035785;,
  0.077385;0.425853;0.058917;,
  0.081644;0.343029;0.055195;,
  0.045493;0.443082;0.095910;,
  0.048095;0.265532;0.049048;,
  0.075574;0.248708;0.081971;,
  0.079738;0.186136;0.122277;,
  0.069038;0.126344;0.164348;,
  -0.077658;0.411595;0.093639;,
  0.013850;0.746200;-0.049674;,
  0.013850;0.746200;-0.049674;,
  -0.009513;0.768923;-0.015642;,
  -0.009513;0.768923;-0.015642;,
  -0.009513;0.768923;-0.015642;,
  -0.009513;0.768923;-0.015642;,
  -0.009513;0.768923;-0.015642;,
  -0.009513;0.768923;-0.015642;,
  0.024723;0.708272;-0.057291;,
  0.024723;0.708272;-0.057291;,
  0.024723;0.708272;-0.057291;,
  -0.012253;0.672522;-0.051952;,
  -0.012253;0.672522;-0.051952;,
  -0.012253;0.672522;-0.051952;,
  -0.012253;0.672522;-0.051952;,
  -0.012253;0.672522;-0.051952;,
  0.035739;0.675292;-0.050007;,
  0.035739;0.675292;-0.050007;,
  0.035739;0.675292;-0.050007;,
  0.035739;0.675292;-0.050007;,
  0.035739;0.675292;-0.050007;,
  0.014600;0.791819;0.010840;,
  0.014600;0.791819;0.010840;,
  0.014600;0.791819;0.010840;,
  0.014600;0.791819;0.010840;,
  0.014600;0.791819;0.010840;,
  0.014600;0.791819;0.010840;,
  0.045393;0.770839;-0.016705;,
  0.045393;0.770839;-0.016705;,
  0.068865;0.766513;0.000183;,
  0.068865;0.766513;0.000183;,
  0.068865;0.766513;0.000183;,
  0.042491;0.544410;0.071376;,
  0.042491;0.544410;0.071376;,
  0.042491;0.544410;0.071376;,
  0.042491;0.544410;0.071376;,
  0.042491;0.544410;0.071376;,
  0.064973;0.547147;0.038283;,
  0.064973;0.547147;0.038283;,
  0.064973;0.547147;0.038283;,
  0.064973;0.547147;0.038283;,
  0.064973;0.547147;0.038283;,
  0.038853;0.547330;-0.011077;,
  0.038853;0.547330;-0.011077;,
  0.038853;0.547330;-0.011077;,
  0.038853;0.547330;-0.011077;,
  0.038853;0.547330;-0.011077;,
  0.038853;0.547330;-0.011077;,
  0.001712;0.542122;-0.028689;,
  0.001712;0.542122;-0.028689;,
  0.001712;0.542122;-0.028689;,
  0.001712;0.542122;-0.028689;,
  0.001712;0.542122;-0.028689;,
  0.037122;0.497143;-0.017383;,
  0.037122;0.497143;-0.017383;,
  0.037122;0.497143;-0.017383;,
  0.037122;0.497143;-0.017383;,
  0.037122;0.497143;-0.017383;,
  0.037122;0.497143;-0.017383;,
  -0.059584;0.673508;-0.024917;,
  -0.059584;0.673508;-0.024917;,
  -0.059584;0.673508;-0.024917;,
  -0.059584;0.673508;-0.024917;,
  -0.059584;0.673508;-0.024917;,
  0.003065;0.541709;0.087598;,
  0.003065;0.541709;0.087598;,
  0.061826;0.641894;0.051368;,
  0.061826;0.641894;0.051368;,
  0.061826;0.641894;0.051368;,
  0.061826;0.641894;0.051368;,
  0.022431;0.644784;0.085440;,
  0.022431;0.644784;0.085440;,
  0.026875;0.684339;0.086113;,
  0.026875;0.684339;0.086113;,
  0.069251;0.683229;0.047799;,
  0.069251;0.683229;0.047799;,
  0.069251;0.683229;0.047799;,
  0.069251;0.683229;0.047799;,
  0.069251;0.683229;0.047799;,
  0.063550;0.442612;0.001466;,
  0.063550;0.442612;0.001466;,
  0.063550;0.442612;0.001466;,
  0.063550;0.442612;0.001466;,
  0.063550;0.442612;0.001466;,
  0.063550;0.442612;0.001466;,
  0.007131;0.242883;-0.016395;,
  0.007131;0.242883;-0.016395;,
  0.007131;0.242883;-0.016395;,
  0.007131;0.242883;-0.016395;,
  0.007131;0.242883;-0.016395;,
  0.048300;0.250444;0.013044;,
  0.048300;0.250444;0.013044;,
  0.048300;0.250444;0.013044;,
  0.048300;0.250444;0.013044;,
  0.048300;0.250444;0.013044;,
  0.008710;0.427956;0.094441;,
  0.008710;0.427956;0.094441;,
  0.008710;0.427956;0.094441;,
  0.008710;0.427956;0.094441;,
  0.008710;0.427956;0.094441;,
  0.008710;0.427956;0.094441;,
  0.008710;0.427956;0.094441;,
  0.009757;0.266876;0.062930;,
  0.009757;0.266876;0.062930;,
  0.009757;0.266876;0.062930;,
  0.009757;0.266876;0.062930;,
  0.009757;0.266876;0.062930;,
  -0.006270;0.253664;0.028394;,
  0.077385;0.425853;0.058917;,
  0.077385;0.425853;0.058917;,
  0.077385;0.425853;0.058917;,
  0.077385;0.425853;0.058917;,
  0.077385;0.425853;0.058917;,
  0.048095;0.265532;0.049048;,
  0.048095;0.265532;0.049048;,
  0.048095;0.265532;0.049048;,
  0.048095;0.265532;0.049048;,
  0.048095;0.265532;0.049048;,
  0.048095;0.265532;0.049048;,
  0.045554;0.084680;0.137299;,
  0.045554;0.084680;0.137299;,
  0.072585;0.099571;0.153529;,
  0.072585;0.099571;0.153529;,
  0.072585;0.099571;0.153529;,
  0.046645;0.124425;0.174405;,
  0.046645;0.124425;0.174405;,
  0.069038;0.126344;0.164348;,
  0.069038;0.126344;0.164348;,
  0.080557;0.438709;0.060943;,
  0.080557;0.438709;0.060943;,
  0.080557;0.438709;0.060943;,
  0.080557;0.438709;0.060943;,
  0.045493;0.443082;0.095910;,
  0.045493;0.443082;0.095910;,
  0.045493;0.443082;0.095910;,
  0.045493;0.443082;0.095910;,
  0.052676;0.594026;0.053138;,
  0.052676;0.594026;0.053138;,
  0.052676;0.594026;0.053138;,
  0.052676;0.594026;0.053138;,
  0.052676;0.594026;0.053138;,
  0.052676;0.594026;0.053138;,
  0.076640;0.638525;0.018416;,
  0.076640;0.638525;0.018416;,
  0.076640;0.638525;0.018416;,
  0.076640;0.638525;0.018416;,
  0.076640;0.638525;0.018416;,
  0.075670;0.642453;-0.002304;,
  0.075670;0.642453;-0.002304;,
  0.075670;0.642453;-0.002304;,
  0.075670;0.642453;-0.002304;,
  0.075670;0.642453;-0.002304;,
  0.075670;0.642453;-0.002304;,
  0.038456;0.644024;-0.041544;,
  0.038456;0.644024;-0.041544;,
  0.038456;0.644024;-0.041544;,
  0.038456;0.644024;-0.041544;,
  0.038456;0.644024;-0.041544;,
  0.030110;0.595110;-0.023112;,
  0.030110;0.595110;-0.023112;,
  0.030110;0.595110;-0.023112;,
  0.030110;0.595110;-0.023112;,
  0.030110;0.595110;-0.023112;,
  0.030110;0.595110;-0.023112;,
  0.064742;0.593464;0.014282;,
  0.064742;0.593464;0.014282;,
  0.064742;0.593464;0.014282;,
  0.064742;0.593464;0.014282;,
  -0.010463;0.641714;-0.049672;,
  -0.010463;0.641714;-0.049672;,
  -0.010463;0.641714;-0.049672;,
  -0.010463;0.641714;-0.049672;,
  -0.010463;0.641714;-0.049672;,
  -0.005219;0.591015;-0.034331;,
  -0.005219;0.591015;-0.034331;,
  -0.005219;0.591015;-0.034331;,
  -0.005219;0.591015;-0.034331;,
  -0.005219;0.591015;-0.034331;,
  -0.057256;0.645031;-0.023159;,
  -0.057256;0.645031;-0.023159;,
  -0.057256;0.645031;-0.023159;,
  -0.057256;0.645031;-0.023159;,
  -0.057256;0.645031;-0.023159;,
  -0.057256;0.645031;-0.023159;,
  -0.057256;0.645031;-0.023159;,
  -0.048186;0.587065;-0.010823;,
  -0.048186;0.587065;-0.010823;,
  -0.048186;0.587065;-0.010823;,
  -0.048186;0.587065;-0.010823;,
  -0.048186;0.587065;-0.010823;,
  -0.032679;0.683928;-0.114994;,
  -0.032679;0.683928;-0.114994;,
  -0.024810;0.723724;-0.141555;,
  -0.024810;0.723724;-0.141555;,
  -0.024810;0.723724;-0.141555;,
  -0.024810;0.723724;-0.141555;,
  -0.024810;0.723724;-0.141555;,
  -0.023793;0.658497;-0.144928;,
  -0.023793;0.658497;-0.144928;,
  -0.023793;0.658497;-0.144928;,
  -0.023793;0.658497;-0.144928;,
  -0.023793;0.658497;-0.144928;,
  -0.032679;0.683928;-0.114994;,
  -0.016211;0.698144;-0.171511;,
  -0.016211;0.698144;-0.171511;,
  -0.016211;0.698144;-0.171511;,
  -0.016211;0.698144;-0.171511;,
  -0.016211;0.698144;-0.171511;,
  -0.016211;0.698144;-0.171511;,
  -0.108024;0.746752;-0.048899;,
  -0.108024;0.746752;-0.048899;,
  -0.104865;0.767305;-0.063329;,
  -0.104865;0.767305;-0.063329;,
  -0.104865;0.767305;-0.063329;,
  -0.104865;0.767305;-0.063329;,
  -0.104865;0.767305;-0.063329;,
  -0.104865;0.767305;-0.063329;,
  -0.065555;0.665864;-0.136435;,
  -0.065555;0.665864;-0.136435;,
  -0.065555;0.665864;-0.136435;,
  -0.065555;0.665864;-0.136435;,
  -0.065555;0.665864;-0.136435;,
  -0.131092;0.736294;-0.079216;,
  -0.131092;0.736294;-0.079216;,
  -0.131092;0.736294;-0.079216;,
  -0.131092;0.736294;-0.079216;,
  -0.108024;0.746752;-0.048899;,
  -0.108024;0.746752;-0.048899;,
  -0.056723;0.711332;-0.169863;,
  -0.056723;0.711332;-0.169863;,
  -0.056723;0.711332;-0.169863;,
  -0.056723;0.711332;-0.169863;,
  -0.129393;0.753120;-0.088345;,
  -0.129393;0.753120;-0.088345;,
  -0.129393;0.753120;-0.088345;,
  -0.129393;0.753120;-0.088345;,
  -0.129393;0.753120;-0.088345;,
  0.066824;0.770462;-0.033875;,
  0.066824;0.770462;-0.033875;,
  0.066824;0.770462;-0.033875;,
  0.066824;0.770462;-0.033875;,
  0.052025;0.769447;-0.059715;,
  0.052025;0.769447;-0.059715;,
  0.052025;0.769447;-0.059715;,
  0.052025;0.769447;-0.059715;,
  0.052025;0.769447;-0.059715;,
  0.045393;0.770839;-0.016705;,
  0.045393;0.770839;-0.016705;,
  0.025845;0.768048;-0.034179;,
  0.087748;0.683919;0.011468;,
  0.087748;0.683919;0.011468;,
  0.087748;0.683919;0.011468;,
  0.087748;0.683919;0.011468;,
  0.087748;0.683919;0.011468;,
  0.087748;0.683919;0.011468;,
  0.006005;0.782140;-0.014696;,
  0.006005;0.782140;-0.014696;,
  0.035710;0.751612;-0.068771;,
