xof 0303txt 0032
template XSkinMeshHeader {
 <3cf169ce-ff7c-44ab-93c0-f78f62d172e2>
 WORD nMaxSkinWeightsPerVertex;
 WORD nMaxSkinWeightsPerFace;
 WORD nBones;
}

template VertexDuplicationIndices {
 <b8d65549-d7c9-4995-89cf-53a9a8b031e3>
 DWORD nIndices;
 DWORD nOriginalVertices;
 array DWORD indices[nIndices];
}

template SkinWeights {
 <6f0d123b-bad2-4167-a0d0-80224f25fabb>
 STRING transformNodeName;
 DWORD nWeights;
 array DWORD vertexIndices[nWeights];
 array FLOAT weights[nWeights];
 Matrix4x4 matrixOffset;
}

template AnimTicksPerSecond {
 <9e415a43-7ba6-4a73-8743-b73d47e88476>
 DWORD AnimTicksPerSecond;
}


AnimTicksPerSecond {
 9602;
}

Frame Dummy01 {
 

 FrameTransformMatrix {
  1.000000,0.000000,0.000000,0.000000,0.000000,-0.000000,-1.000000,0.000000,0.000000,1.000000,-0.000000,0.000000,0.000000,0.000000,0.000000,1.000000;;
 }

 Frame Bip01 {
  

  FrameTransformMatrix {
   -0.291663,0.956497,-0.006759,0.000000,0.033468,0.017267,0.999291,0.000000,0.955935,0.291230,-0.037048,0.000000,-0.000753,-0.012284,0.490218,1.000000;;
  }

  Frame Bip01_Pelvis {
   

   FrameTransformMatrix {
    0.000402,0.999899,-0.014208,0.000000,-0.028257,0.014214,0.999500,0.000000,0.999601,0.000000,0.028260,0.000000,0.000000,0.000000,0.000000,1.000000;;
   }

   Frame Bip01_Spine {
    

    FrameTransformMatrix {
     0.998196,-0.037679,0.046755,0.000000,0.024393,0.965931,0.257648,0.000000,-0.054870,-0.256042,0.965107,0.000000,0.051633,0.000756,-0.000082,1.000000;;
    }

    Frame Bip01_Spine1 {
     

     FrameTransformMatrix {
      0.995237,0.058863,0.077711,0.000000,-0.065520,0.994130,0.086092,0.000000,-0.072187,-0.090773,0.993252,0.000000,0.106486,0.000008,-0.000084,1.000000;;
     }

     Frame Bip01_Neck {
      

      FrameTransformMatrix {
       0.965936,0.148631,0.211839,0.000000,-0.149609,0.988678,-0.011498,0.000000,-0.211150,-0.020587,0.977237,0.000000,0.130510,0.000001,0.004626,1.000000;;
      }

      Frame Bip01_Head {
       

       FrameTransformMatrix {
        0.982772,-0.164485,-0.084290,0.000000,0.104670,0.871187,-0.479664,0.000000,0.152330,0.462578,0.873394,0.000000,0.033674,0.000000,0.000000,1.000000;;
       }

       Frame Bip01_HeadNub {
        

        FrameTransformMatrix {
         1.000000,0.000000,0.000000,0.000000,-0.000000,1.000000,-0.000000,0.000000,0.000000,-0.000000,1.000000,0.000000,0.169824,0.000000,0.000000,1.000000;;
        }
       }
      }

      Frame Bip01_L_Clavicle {
       

       FrameTransformMatrix {
        -0.012923,0.999614,0.024591,0.000000,0.977370,0.017821,-0.210784,0.000000,-0.211141,0.021310,-0.977223,0.000000,-0.021856,0.019184,0.000230,1.000000;;
       }

       Frame Bip01_L_UpperArm {
        

        FrameTransformMatrix {
         0.672981,-0.738669,-0.038269,0.000000,0.675626,0.634954,-0.374650,0.000000,0.301041,0.226277,0.926377,0.000000,0.087086,0.000000,0.000000,1.000000;;
        }

        Frame Bip01_L_Forearm {
         

         FrameTransformMatrix {
          0.486763,-0.000000,-0.873534,0.000000,0.000000,1.000000,0.000000,0.000000,0.873534,0.000000,0.486763,0.000000,0.137062,0.000000,0.000000,1.000000;;
         }

         Frame Bip01_L_Hand {
          

          FrameTransformMatrix {
           0.992469,0.101578,-0.068459,0.000000,0.018793,0.425994,0.904531,0.000000,0.121043,-0.899006,0.420877,0.000000,0.137062,-0.000000,0.000000,1.000000;;
          }

          Frame Bip01_L_Finger0 {
           

           FrameTransformMatrix {
            0.585292,-0.667129,0.460839,0.000000,0.767228,0.639530,-0.048614,0.000000,-0.262289,0.382022,0.886152,0.000000,0.057681,-0.023605,-0.000272,1.000000;;
           }

           Frame Bip01_L_Finger0Nub {
            

            FrameTransformMatrix {
             1.000000,0.000000,-0.000000,0.000000,0.000000,1.000000,-0.000000,0.000000,-0.000000,0.000000,1.000000,0.000000,0.029435,0.000000,0.000000,1.000000;;
            }
           }
          }

          Frame Bip01_L_Finger1 {
           

           FrameTransformMatrix {
            0.662163,-0.000597,0.749359,0.000000,0.000000,1.000000,0.000796,0.000000,-0.749360,-0.000527,0.662163,0.000000,0.084102,-0.000000,-0.000000,1.000000;;
           }

           Frame Bip01_L_Finger1Nub {
            

            FrameTransformMatrix {
             1.000000,0.000000,0.000000,0.000000,0.000000,1.000000,-0.000000,0.000000,0.000000,0.000000,1.000000,0.000000,0.047988,0.000000,0.000000,1.000000;;
            }
           }
          }
         }
        }
       }
      }

      Frame Bip01_R_Clavicle {
       

       FrameTransformMatrix {
        -0.367863,-0.928750,-0.045830,0.000000,-0.909383,0.349026,0.226280,0.000000,-0.194162,0.124917,-0.972984,0.000000,-0.026527,-0.011889,0.000877,1.000000;;
       }

       Frame Bip01_R_UpperArm {
        

        FrameTransformMatrix {
         0.658170,0.568523,0.493551,0.000000,-0.733851,0.630874,0.251913,0.000000,-0.168150,-0.527995,0.832434,0.000000,0.087086,0.000000,-0.000000,1.000000;;
        }

        Frame Bip01_R_Forearm {
         

         FrameTransformMatrix {
          -0.212855,0.000000,-0.977084,0.000000,-0.000000,1.000000,-0.000000,0.000000,0.977084,-0.000000,-0.212855,0.000000,0.137062,0.000000,0.000000,1.000000;;
         }

         Frame Bip01_R_Hand {
          

          FrameTransformMatrix {
           0.996039,0.033232,-0.082468,0.000000,-0.078383,-0.109635,-0.990877,0.000000,-0.041970,0.993416,-0.106595,0.000000,0.137062,0.000000,0.000000,1.000000;;
          }

          Frame Bip01_R_Finger0 {
           

           FrameTransformMatrix {
            0.166554,0.297180,0.940183,0.000000,-0.870771,0.491689,-0.001159,0.000000,-0.462622,-0.818491,0.340669,0.000000,0.057681,0.023605,-0.000272,1.000000;;
           }

           Frame Bip01_R_Finger0Nub {
            

            FrameTransformMatrix {
             -1.000000,0.000000,-0.000000,0.000000,-0.000000,1.000000,-0.000000,0.000000,-0.000000,0.000000,-1.000000,0.000000,0.029435,-0.000000,0.000000,1.000000;;
            }
           }
          }

          Frame Bip01_R_Finger1 {
           

           FrameTransformMatrix {
            0.393592,0.000732,0.919284,0.000000,0.000000,1.000000,-0.000796,0.000000,-0.919285,0.000313,0.393592,0.000000,0.084102,-0.000000,0.000000,1.000000;;
           }

           Frame Bip01_R_Finger1Nub {
            

            FrameTransformMatrix {
             -1.000000,-0.000000,0.000000,0.000000,-0.000000,1.000000,0.000000,0.000000,-0.000000,-0.000000,-1.000000,0.000000,0.047988,0.000000,0.000000,1.000000;;
            }
           }
          }
         }
        }
       }
      }
     }

     Frame Bip01_BackPack {
      

      FrameTransformMatrix {
       0.182568,0.166159,-0.969051,0.000000,0.015394,0.985012,0.171796,0.000000,0.983073,-0.046282,0.177274,0.000000,0.063697,0.000002,-0.088856,1.000000;;
      }

      Frame Bip01_BackPackNub {
       

       FrameTransformMatrix {
        0.000796,0.000003,1.000000,0.000000,0.000000,-1.000000,0.000003,0.000000,1.000000,0.000000,-0.000796,0.000000,0.053240,0.000000,0.000000,1.000000;;
       }
      }
     }
    }

    Frame Bip01_L_Thigh {
     

     FrameTransformMatrix {
      -0.992180,-0.001073,0.124808,0.000000,0.039127,-0.952232,0.302859,0.000000,0.118522,0.305374,0.944828,0.000000,-0.053588,0.051376,-0.011034,1.000000;;
     }

     Frame Bip01_L_Calf {
      

      FrameTransformMatrix {
       0.822704,-0.000000,-0.568471,0.000000,0.000000,1.000000,-0.000000,0.000000,0.568471,0.000000,0.822704,0.000000,0.237500,-0.000000,-0.000000,1.000000;;
      }

      Frame Bip01_L_Foot {
       

       FrameTransformMatrix {
        0.905433,-0.011848,0.424324,0.000000,0.042184,0.997174,-0.062169,0.000000,-0.422388,0.074189,0.903374,0.000000,0.206841,0.000000,-0.000000,1.000000;;
       }

       Frame Bip01_L_Toe0 {
        

        FrameTransformMatrix {
         -0.477633,-0.032083,0.877973,0.000000,0.197047,0.969962,0.142641,0.000000,-0.856177,0.241132,-0.456964,0.000000,0.065373,0.000000,0.066450,1.000000;;
        }

        Frame Bip01_L_Toe0Nub {
         

         FrameTransformMatrix {
          -1.000000,0.000000,-0.000000,0.000000,-0.000000,1.000000,-0.000000,0.000000,0.000000,-0.000000,-1.000000,0.000000,0.006735,-0.000000,-0.000000,1.000000;;
         }
        }
       }
      }
     }
    }

    Frame Bip01_R_Thigh {
     

     FrameTransformMatrix {
      -0.888552,0.102359,0.447211,0.000000,-0.083084,-0.994577,0.062564,0.000000,0.451190,0.018435,0.892238,0.000000,-0.049426,-0.055312,0.017245,1.000000;;
     }

     Frame Bip01_R_Calf {
      

      FrameTransformMatrix {
       0.921699,0.000000,-0.387907,0.000000,-0.000000,1.000000,0.000000,0.000000,0.387907,-0.000000,0.921699,0.000000,0.237500,0.000000,-0.000000,1.000000;;
      }

      Frame Bip01_R_Foot {
       

       FrameTransformMatrix {
        0.999527,0.019978,-0.023370,0.000000,-0.023799,0.983975,-0.176709,0.000000,0.019466,0.177182,0.983986,0.000000,0.206841,0.000000,-0.000000,1.000000;;
       }

       Frame Bip01_R_Toe0 {
        

        FrameTransformMatrix {
         0.782560,-0.159191,0.601879,0.000000,-0.162132,0.881290,0.443894,0.000000,-0.601094,-0.444958,0.663852,0.000000,0.065373,-0.000000,0.066450,1.000000;;
        }

        Frame Bip01_R_Toe0Nub {
         

         FrameTransformMatrix {
          1.000000,0.000000,0.000000,0.000000,0.000000,1.000000,0.000000,0.000000,0.000000,-0.000000,1.000000,0.000000,0.006735,0.000000,0.000000,1.000000;;
         }
        }
       }
      }
     }
    }
   }

   Frame Bip01_DressFront {
    

    FrameTransformMatrix {
     -0.925164,0.269294,0.267492,0.000000,0.077704,0.824177,-0.560976,0.000000,-0.371528,-0.498209,-0.783425,0.000000,-0.043948,0.001472,0.061056,1.000000;;
    }

    Frame Bip01_DressFront02 {
     

     FrameTransformMatrix {
      0.958965,0.079197,0.272240,0.000000,-0.076204,0.996859,-0.021568,0.000000,-0.273093,-0.000063,0.961988,0.000000,0.183360,0.000000,-0.000127,1.000000;;
     }

     Frame Bip01_DressFrontNub {
      

      FrameTransformMatrix {
       0.000796,0.000003,1.000000,0.000000,0.000000,-1.000000,0.000003,0.000000,1.000000,0.000000,-0.000796,0.000000,0.165302,-0.000000,0.000000,1.000000;;
      }
     }
    }
   }

   Frame Bip01_DressBack {
    

    FrameTransformMatrix {
     -0.976612,0.019285,0.214145,0.000000,-0.150905,0.647980,-0.746558,0.000000,-0.153159,-0.761413,-0.629915,0.000000,-0.047711,0.000107,-0.078331,1.000000;;
    }

    Frame Bip01_DressBack02 {
     

     FrameTransformMatrix {
      0.907351,0.101105,0.408035,0.000000,-0.143797,0.986741,0.075262,0.000000,-0.395015,-0.126963,0.909859,0.000000,0.176202,0.000014,-0.000099,1.000000;;
     }

     Frame Bip01_DressBackNub {
      

      FrameTransformMatrix {
       0.000796,0.000003,1.000000,0.000000,-0.000000,-1.000000,0.000003,0.000000,1.000000,0.000000,-0.000796,0.000000,0.136508,0.000000,0.000000,1.000000;;
      }
     }
    }
   }
  }

  Frame Bip01_Prop1 {
   

   FrameTransformMatrix {
    0.193885,-0.116764,0.974051,0.000000,0.582497,0.812621,-0.018533,0.000000,-0.789371,0.570975,0.225570,0.000000,0.028973,0.036363,-0.178786,1.000000;;
   }
  }

  Frame Bip01_Prop2 {
   

   FrameTransformMatrix {
    0.830969,-0.529047,-0.172047,0.000000,0.007419,0.319771,-0.947466,0.000000,0.556270,0.786038,0.269645,0.000000,0.203912,-0.031759,0.106834,1.000000;;
   }
  }
 }
}

Frame Translation_Data {
 

 FrameTransformMatrix {
  -0.000000,0.000000,-1.000000,0.000000,-1.000000,-0.000000,0.000000,0.000000,-0.000000,1.000000,0.000000,0.000000,0.000000,-0.000000,0.000000,1.000000;;
 }
}

Frame Body {
 

 FrameTransformMatrix {
  1.000000,0.000000,0.000000,0.000000,0.000000,1.000000,0.000000,0.000000,0.000000,0.000000,1.000000,0.000000,0.000000,0.000000,0.000000,1.000000;;
 }

 Mesh Body {
  1467;
  0.036113;0.746421;-0.071228;,
  0.011159;0.772929;-0.039097;,
  0.005776;0.742187;-0.052144;,
  0.041443;0.725592;-0.077242;,
  0.046280;0.711048;-0.079992;,
  0.001826;0.709350;-0.067138;,
  0.010131;0.676431;-0.074646;,
  0.057912;0.679039;-0.069699;,
  0.033777;0.795922;-0.011392;,
  0.064136;0.773630;-0.037131;,
  0.087669;0.771112;-0.017068;,
  0.065606;0.777877;0.005211;,
  0.090829;0.537986;0.026930;,
  0.057333;0.534406;0.061392;,
  0.058796;0.547527;0.052009;,
  0.083703;0.549187;0.020605;,
  0.061276;0.549488;-0.030538;,
  0.080673;0.522335;-0.012076;,
  0.025384;0.545130;-0.050760;,
  0.028048;0.490257;-0.037865;,
  0.058559;0.499048;-0.036419;,
  -0.033180;0.713796;-0.046156;,
  -0.038794;0.677744;-0.050666;,
  0.016668;0.531086;0.072336;,
  0.018233;0.546176;0.065351;,
  0.077374;0.646324;0.033568;,
  0.035802;0.649350;0.064887;,
  0.040565;0.688907;0.065472;,
  0.085251;0.687421;0.029930;,
  0.042123;0.450224;-0.045230;,
  0.041553;0.351650;-0.051702;,
  0.084582;0.346170;-0.032363;,
  0.084079;0.445858;-0.017227;,
  0.035353;0.249932;-0.056634;,
  0.072996;0.253794;-0.021216;,
  -0.000532;0.452264;-0.013505;,
  0.019870;0.427108;0.069782;,
  0.023355;0.347575;0.055853;,
  0.000607;0.352221;-0.016481;,
  0.028994;0.264105;0.026264;,
  0.016989;0.255153;-0.011962;,
  0.091957;0.426066;0.040551;,
  0.099140;0.343624;0.030699;,
  0.068669;0.264471;0.016772;,
  0.085025;0.008979;0.099798;,
  0.041171;0.009464;0.109876;,
  0.060336;0.014125;0.154534;,
  0.093617;0.013478;0.144188;,
  0.044715;0.199555;-0.009243;,
  0.048429;0.135381;0.027619;,
  0.083085;0.145617;0.046979;,
  0.081490;0.210198;0.009446;,
  0.054321;0.069480;0.067781;,
  0.080451;0.077809;0.089138;,
  0.010344;0.196562;0.028362;,
  0.022121;0.234865;0.067103;,
  0.030680;0.173424;0.089251;,
  0.024981;0.146319;0.056587;,
  0.053771;0.096660;0.114158;,
  0.044756;0.069882;0.097108;,
  0.092026;0.238094;0.048883;,
  0.091300;0.168890;0.076586;,
  0.076925;0.100292;0.106719;,
  0.087354;0.493385;-0.008316;,
  -0.014802;0.483409;-0.038381;,
  -0.011780;0.449030;-0.024411;,
  -0.000532;0.452264;-0.013505;,
  0.103296;0.488511;0.043701;,
  0.061387;0.488516;0.080109;,
  0.094526;0.439136;0.044107;,
  0.056514;0.443886;0.076401;,
  0.068571;0.598386;0.034892;,
  0.094349;0.642839;0.001718;,
  0.094762;0.646700;-0.019018;,
  0.060250;0.648169;-0.060641;,
  0.051446;0.599232;-0.042724;,
  0.083338;0.597656;-0.003001;,
  0.011989;0.645865;-0.072018;,
  0.017003;0.595168;-0.056384;,
  -0.036294;0.649309;-0.048839;,
  -0.027502;0.591393;-0.035955;,
  0.073791;0.709179;-0.105993;,
  0.047961;0.697555;-0.060240;,
  0.100306;0.668842;-0.121317;,
  0.071922;0.643002;-0.075310;,
  0.102071;0.607277;-0.085621;,
  0.125217;0.626917;-0.123518;,
  0.098543;0.699693;-0.026346;,
  0.123403;0.656121;-0.036027;,
  0.071922;0.643002;-0.075310;,
  0.144784;0.602833;-0.059964;,
  0.102071;0.607277;-0.085621;,
  0.108110;0.705515;-0.028077;,
  0.125163;0.721314;-0.066469;,
  0.151783;0.682286;-0.082001;,
  0.167923;0.622238;-0.097788;,
  0.099632;0.718800;-0.094339;,
  0.113597;0.624119;-0.136678;,
  0.085173;0.599988;-0.092973;,
  0.065815;0.560656;-0.134929;,
  0.084712;0.577940;-0.161226;,
  0.054589;0.527746;-0.158379;,
  0.063874;0.537505;-0.182183;,
  0.085173;0.599988;-0.092973;,
  0.136387;0.566303;-0.077507;,
  0.115442;0.532958;-0.128299;,
  0.065815;0.560656;-0.134929;,
  0.089121;0.510009;-0.161054;,
  0.054589;0.527746;-0.158379;,
  0.164673;0.590383;-0.120923;,
  0.129764;0.546621;-0.148355;,
  0.093765;0.515683;-0.175598;,
  -0.009151;0.443187;-0.222701;,
  -0.001224;0.453491;-0.204957;,
  0.046270;0.447097;-0.209662;,
  0.037959;0.437134;-0.227064;,
  -0.008932;0.491687;-0.191265;,
  -0.008908;0.483194;-0.198593;,
  -0.008480;0.489178;-0.207817;,
  -0.012727;0.499990;-0.198528;,
  0.073296;0.480216;-0.178627;,
  0.060058;0.465430;-0.210282;,
  0.019911;0.498210;-0.200338;,
  0.030271;0.502473;-0.167423;,
  0.081304;0.505469;-0.205638;,
  0.059590;0.472866;-0.228791;,
  0.036930;0.529938;-0.194051;,
  0.021437;0.505012;-0.218990;,
  0.089895;0.765709;-0.053445;,
  0.076626;0.764024;-0.080194;,
  0.064136;0.773630;-0.037131;,
  0.048547;0.767721;-0.056088;,
  0.105990;0.687834;-0.005149;,
  0.026669;0.786092;-0.037324;,
  0.058890;0.745653;-0.091297;,
  0.036113;0.746421;-0.071228;,
  0.041443;0.725592;-0.077242;,
  0.057179;0.719415;-0.085173;,
  0.106597;0.729920;-0.018913;,
  0.084173;0.725895;0.018987;,
  0.106535;0.733545;-0.023983;,
  0.038958;0.725017;0.055499;,
  0.024093;0.776305;0.028015;,
  0.087669;0.771112;-0.017068;,
  0.106535;0.733545;-0.023983;,
  0.063267;0.706281;-0.055865;,
  0.100783;0.722914;-0.030841;,
  0.047961;0.697555;-0.060240;,
  0.089745;0.682252;-0.032434;,
  0.064643;0.676899;-0.056649;,
  0.046280;0.711048;-0.079992;,
  0.103092;0.685928;-0.022611;,
  0.030271;0.502473;-0.167423;,
  0.028417;0.820267;-0.011262;,
  0.028756;0.813253;-0.032698;,
  0.012683;0.800701;0.008495;,
  0.008263;0.826330;0.004959;,
  0.021437;0.505012;-0.218990;,
  -0.009151;0.443187;-0.222701;,
  0.037959;0.437134;-0.227064;,
  0.005891;0.498998;-0.180081;,
  0.001770;0.513374;-0.201231;,
  0.005891;0.498998;-0.180081;,
  0.008573;0.488250;-0.194013;,
  0.014907;0.500881;-0.214165;,
  0.014907;0.500881;-0.214165;,
  -0.008932;0.491687;-0.191265;,
  -0.012727;0.499990;-0.198528;,
  -0.008480;0.489178;-0.207817;,
  0.068454;0.022733;0.022673;,
  0.027405;0.016500;-0.003580;,
  0.026807;-0.002730;-0.008978;,
  0.071952;0.000400;0.016355;,
  0.053246;0.046362;0.142133;,
  0.060336;0.014125;0.154534;,
  0.041171;0.009464;0.109876;,
  0.038807;0.034062;0.105348;,
  0.053771;0.096660;0.114158;,
  0.076925;0.100292;0.106719;,
  0.092808;0.048604;0.129293;,
  0.085025;0.008979;0.099798;,
  0.093617;0.013478;0.144188;,
  0.084965;0.043477;0.093590;,
  0.054321;0.069480;0.067781;,
  0.080451;0.077809;0.089138;,
  -0.003601;-0.001074;0.011089;,
  0.004162;0.015000;0.014637;,
  0.071952;0.000400;0.016355;,
  -0.003601;-0.001074;0.011089;,
  0.000607;0.352221;-0.016481;,
  0.016989;0.255153;-0.011962;,
  0.010344;0.196562;0.028362;,
  0.024981;0.146319;0.056587;,
  0.044756;0.069882;0.097108;,
  0.044756;0.069882;0.097108;,
  0.001325;0.436917;0.024429;,
  0.035986;0.820747;-0.045238;,
  0.025198;0.813454;-0.062297;,
  0.017213;0.806617;-0.058357;,
  0.015214;0.807113;-0.044254;,
  0.029878;0.842838;-0.023962;,
  0.023985;0.855347;-0.004179;,
  -0.004207;0.953073;-0.073524;,
  -0.024030;0.956263;-0.071225;,
  -0.026616;0.939637;-0.095883;,
  0.009481;0.880764;-0.111373;,
  0.004400;0.909737;-0.107183;,
  -0.008055;0.877458;-0.115155;,
  0.039234;0.848933;-0.046615;,
  0.028692;0.833233;-0.069581;,
  0.034620;0.833226;-0.038078;,
  0.039512;0.886290;-0.035292;,
  0.036016;0.892433;-0.058788;,
  0.031154;0.927538;-0.070132;,
  0.019221;0.920173;-0.094287;,
  0.028624;0.883374;-0.083401;,
  0.030124;0.903298;0.000475;,
  0.038794;0.892563;-0.019719;,
  -0.007028;0.903447;0.017070;,
  -0.013153;0.948000;-0.003109;,
  0.018042;0.946611;-0.017699;,
  0.031308;0.861281;-0.078906;,
  0.014364;0.851353;-0.098697;,
  0.018460;0.820807;-0.080179;,
  0.004771;0.793674;-0.085598;,
  -0.015426;0.787349;-0.091305;,
  -0.012376;0.788894;-0.070441;,
  -0.000604;0.929950;-0.100959;,
  0.016203;0.944360;-0.074458;,
  0.030656;0.941836;-0.037975;,
  0.014520;0.956512;-0.047255;,
  -0.019004;0.963254;-0.034828;,
  -0.002115;0.961831;-0.039321;,
  -0.005103;0.863679;0.011683;,
  0.030656;0.941836;-0.037975;,
  0.014520;0.956512;-0.047255;,
  0.041627;0.879765;-0.048029;,
  0.043310;0.851786;-0.048322;,
  0.049874;0.882058;-0.035988;,
  0.043931;0.899154;-0.046483;,
  0.049874;0.882058;-0.035988;,
  0.043310;0.851786;-0.048322;,
  0.043931;0.899154;-0.046483;,
  0.036016;0.892433;-0.058788;,
  0.037816;0.867492;-0.061639;,
  0.039234;0.848933;-0.046615;,
  0.012045;0.873220;-0.102135;,
  0.037816;0.867492;-0.061639;,
  0.026669;0.786092;-0.037324;,
  0.028756;0.813253;-0.032698;,
  0.048547;0.767721;-0.056088;,
  0.029878;0.842838;-0.023962;,
  -0.022823;0.762906;-0.037337;,
  -0.026551;0.739303;-0.039799;,
  -0.016786;0.543654;-0.040616;,
  0.020753;0.486832;0.091030;,
  0.019274;0.452651;0.088560;,
  0.016542;0.433941;0.083016;,
  -0.017712;0.792257;-0.051215;,
  0.001325;0.436917;0.024429;,
  -0.002115;0.961831;-0.039321;,
  -0.019004;0.963254;-0.034828;,
  0.001795;0.823912;-0.095628;,
  -0.008649;0.844656;-0.104705;,
  -0.007620;0.835129;-0.103529;,
  -0.027435;0.928335;-0.106445;,
  -0.027248;0.904737;-0.115959;,
  -0.008037;0.870018;-0.104472;,
  0.028734;0.598817;0.060389;,
  0.048547;0.767721;-0.056088;,
  0.026807;-0.002730;-0.008978;,
  0.001835;0.817428;-0.094329;,
  -0.006497;0.813789;-0.099683;,
  -0.006619;0.819083;-0.096841;,
  -0.022872;0.839418;-0.116790;,
  -0.020818;0.832499;-0.106368;,
  -0.007882;0.822175;-0.102088;,
  -0.018231;0.818504;-0.095648;,
  -0.018420;0.810925;-0.100349;,
  -0.025591;0.874153;-0.118937;,
  -0.024210;0.865516;-0.113749;,
  0.100783;0.722914;-0.030841;,
  -0.019666;0.820888;-0.104047;,
  0.069729;0.710790;-0.039743;,
  0.063267;0.706281;-0.055865;,
  0.046280;0.711048;-0.079992;,
  0.038794;0.892563;-0.019719;,
  0.044715;0.199555;-0.009243;,
  0.018060;0.210336;-0.050139;,
  0.035968;0.139583;-0.028154;,
  0.048429;0.135381;0.027619;,
  0.035353;0.249932;-0.056634;,
  0.012482;0.266084;-0.066767;,
  0.041553;0.351650;-0.051702;,
  -0.002432;0.358025;-0.051592;,
  0.042123;0.450224;-0.045230;,
  -0.009066;0.444717;-0.042372;,
  0.028048;0.490257;-0.037865;,
  0.044596;0.071413;-0.012793;,
  0.054321;0.069480;0.067781;,
  0.036586;0.174074;0.115919;,
  0.041624;0.111460;0.146907;,
  -0.022848;0.085495;0.084340;,
  -0.012959;0.154792;0.070485;,
  -0.000124;0.216487;0.047895;,
  0.029345;0.239537;0.078943;,
  0.009295;0.271656;0.039989;,
  0.028326;0.269181;0.056044;,
  0.025504;0.347409;0.070658;,
  0.011229;0.353749;0.064736;,
  0.018092;0.425057;0.088979;,
  0.069729;0.710790;-0.039743;,
  -0.075153;0.755315;0.012360;,
  -0.084715;0.735819;0.016194;,
  -0.048611;0.746831;-0.014062;,
  -0.034712;0.777173;-0.007062;,
  -0.092484;0.721955;0.017241;,
  -0.092086;0.688886;0.031317;,
  -0.079237;0.682298;-0.014462;,
  -0.065051;0.715061;-0.020309;,
  -0.013675;0.800482;0.021704;,
  -0.010979;0.784417;0.058836;,
  -0.038401;0.782226;0.071721;,
  -0.047203;0.782540;0.044471;,
  -0.069897;0.541760;0.070989;,
  -0.060870;0.551945;0.068425;,
  -0.022231;0.549072;0.078810;,
  -0.023707;0.536309;0.083608;,
  -0.073297;0.552055;0.013974;,
  -0.081734;0.526147;0.032444;,
  -0.056635;0.546695;-0.023631;,
  -0.076415;0.502981;0.001534;,
  -0.051059;0.492114;-0.016180;,
  0.018233;0.546176;0.065351;,
  0.016668;0.531086;0.072336;,
  -0.010125;0.649930;0.089596;,
  -0.009052;0.693612;0.093438;,
  0.040565;0.688907;0.065472;,
  0.035802;0.649350;0.064887;,
  -0.075547;0.466970;-0.020840;,
  -0.091894;0.451390;0.023402;,
  -0.112032;0.362577;-0.021525;,
  -0.090746;0.379835;-0.060314;,
  -0.105278;0.273825;-0.051362;,
  -0.099467;0.290676;-0.100856;,
  -0.024130;0.467959;-0.026405;,
  -0.036963;0.374893;-0.060942;,
  -0.009017;0.344428;0.002794;,
  0.009072;0.420835;0.050295;,
  -0.056324;0.280238;-0.079416;,
  -0.039989;0.271029;-0.041902;,
  -0.083473;0.338162;0.031234;,
  -0.065460;0.419091;0.067230;,
  -0.076340;0.268908;-0.023501;,
  -0.069631;0.001201;-0.059558;,
  -0.038630;0.002316;-0.026357;,
  -0.010751;0.004592;-0.047158;,
  -0.035780;0.004058;-0.089070;,
  -0.086524;0.226649;-0.087878;,
  -0.101464;0.219739;-0.048584;,
  -0.092254;0.145988;-0.056202;,
  -0.079277;0.153194;-0.094415;,
  -0.076707;0.068852;-0.064475;,
  -0.074064;0.072728;-0.098740;,
  -0.037754;0.211641;-0.087068;,
  -0.041504;0.152325;-0.085411;,
  -0.020847;0.158064;-0.048337;,
  -0.015942;0.222763;-0.036995;,
  -0.047587;0.064769;-0.088040;,
  -0.037596;0.081401;-0.059780;,
  -0.076129;0.149539;-0.021372;,
  -0.080267;0.221907;-0.003969;,
  -0.058758;0.083956;-0.047632;,
  -0.086822;0.497474;0.039431;,
  -0.024130;0.467959;-0.026405;,
  -0.019654;0.490418;0.102325;,
  -0.074222;0.492679;0.092363;,
  -0.017289;0.439402;0.087801;,
  -0.066207;0.435837;0.079688;,
  -0.013214;0.600359;0.082235;,
  -0.046386;0.648639;0.091835;,
  -0.065280;0.653295;0.083461;,
  -0.053550;0.600959;0.076239;,
  -0.072320;0.602219;0.028921;,
  -0.088909;0.654315;0.034870;,
  -0.067252;0.597202;-0.007611;,
  -0.079447;0.649634;-0.013469;,
  -0.117258;0.719433;0.071625;,
  -0.123786;0.695477;0.115767;,
  -0.074148;0.699443;0.046376;,
  -0.112390;0.676410;0.159763;,
  -0.074807;0.651471;0.141990;,
  -0.078961;0.661766;0.094693;,
  -0.034516;0.726761;0.083725;,
  -0.078961;0.661766;0.094693;,
  -0.035300;0.699468;0.126907;,
  -0.074807;0.651471;0.141990;,
  -0.053672;0.653729;0.174784;,
  -0.035713;0.736287;0.089745;,
  -0.080135;0.733468;0.147826;,
  -0.073251;0.756230;0.104150;,
  -0.091237;0.678344;0.192622;,
  -0.103657;0.740620;0.087820;,
  -0.120172;0.685284;0.141283;,
  -0.145984;0.646889;0.103481;,
  -0.119715;0.627160;0.087105;,
  -0.076340;0.656725;0.117543;,
  -0.169390;0.612832;0.075154;,
  -0.146531;0.603913;0.067869;,
  -0.076340;0.656725;0.117543;,
  -0.119715;0.627160;0.087105;,
  -0.126371;0.594266;0.133448;,
  -0.075037;0.617108;0.166310;,
  -0.146531;0.603913;0.067869;,
  -0.153446;0.578922;0.097579;,
  -0.146315;0.609793;0.145906;,
  -0.118600;0.645642;0.189778;,
  -0.170738;0.586825;0.102466;,
  -0.184058;0.547654;-0.021471;,
  -0.188920;0.523230;0.019209;,
  -0.179721;0.535936;0.034212;,
  -0.174703;0.560932;-0.006637;,
  -0.162067;0.586891;0.009480;,
  -0.167094;0.594413;0.002114;,
  -0.174474;0.581774;-0.000538;,
  -0.165877;0.577441;0.004790;,
  -0.157972;0.556240;0.065850;,
  -0.155841;0.596221;0.036371;,
  -0.187253;0.588188;0.023814;,
  -0.185708;0.540506;0.046380;,
  -0.205481;0.542399;0.048255;,
  -0.189859;0.568045;0.082442;,
  -0.188014;0.610612;0.052666;,
  -0.206863;0.588674;0.027236;,
  -0.067162;0.777627;0.069803;,
  -0.090506;0.776717;0.051152;,
  -0.061337;0.776377;0.027424;,
  -0.047203;0.782540;0.044471;,
  -0.049224;0.698023;0.099379;,
  -0.036613;0.792328;0.006773;,
  -0.099696;0.757043;0.033252;,
  -0.098208;0.726780;0.038627;,
  -0.084715;0.735819;0.016194;,
  -0.075153;0.755315;0.012360;,
  -0.050593;0.744866;0.090891;,
  -0.054516;0.749026;0.088856;,
  -0.010254;0.733958;0.085106;,
  0.038958;0.725017;0.055499;,
  0.024093;0.776305;0.028015;,
  -0.038401;0.782226;0.071721;,
  -0.054516;0.749026;0.088856;,
  -0.074576;0.717446;0.042296;,
  -0.074148;0.699443;0.046376;,
  -0.059500;0.737547;0.083105;,
  -0.082651;0.686569;0.042546;,
  -0.069008;0.692674;0.074478;,
  -0.092484;0.721955;0.017241;,
  -0.064516;0.696930;0.090264;,
  -0.155841;0.596221;0.036371;,
  -0.034138;0.819444;-0.007262;,
  -0.018111;0.824847;0.007555;,
  0.008263;0.826330;0.004959;,
  0.012683;0.800701;0.008495;,
  -0.206863;0.588674;0.027236;,
  -0.184058;0.547654;-0.021471;,
  -0.188920;0.523230;0.019209;,
  -0.180823;0.604955;0.011962;,
  -0.164069;0.593636;0.028154;,
  -0.164069;0.593636;0.028154;,
  -0.174067;0.580558;0.021384;,
  -0.196032;0.588808;0.013953;,
  -0.196032;0.588808;0.013953;,
  -0.167094;0.594413;0.002114;,
  -0.162067;0.586891;0.009480;,
  -0.174474;0.581774;-0.000538;,
  -0.122302;0.020856;-0.116580;,
  -0.129709;-0.001225;-0.119491;,
  -0.123846;0.000336;-0.170996;,
  -0.119615;0.019104;-0.165598;,
  -0.016310;0.037952;-0.057134;,
  -0.037805;0.028995;-0.091348;,
  -0.035780;0.004058;-0.089070;,
  -0.010751;0.004592;-0.047158;,
  -0.037596;0.081401;-0.059780;,
  -0.049856;0.038277;-0.032446;,
  -0.058758;0.083956;-0.047632;,
  -0.069631;0.001201;-0.059558;,
  -0.074261;0.035943;-0.060041;,
  -0.038630;0.002316;-0.026357;,
  -0.074064;0.072728;-0.098740;,
  -0.076707;0.068852;-0.064475;,
  -0.091256;0.018064;-0.173906;,
  -0.089758;0.002813;-0.183723;,
  -0.089758;0.002813;-0.183723;,
  -0.129709;-0.001225;-0.119491;,
  -0.036963;0.374893;-0.060942;,
  -0.056324;0.280238;-0.079416;,
  -0.037754;0.211641;-0.087068;,
  -0.041504;0.152325;-0.085411;,
  -0.047587;0.064769;-0.088040;,
  -0.047587;0.064769;-0.088040;,
  -0.054985;0.814476;-0.031472;,
  -0.033505;0.811909;-0.024551;,
  -0.039190;0.802729;-0.049821;,
  -0.048823;0.808352;-0.051095;,
  -0.045903;0.837615;-0.012494;,
  -0.036179;0.851200;0.004926;,
  -0.043036;0.950397;-0.067648;,
  -0.024030;0.956263;-0.071225;,
  -0.057434;0.876152;-0.101247;,
  -0.041512;0.875152;-0.110092;,
  -0.055279;0.905623;-0.098152;,
  -0.056928;0.827332;-0.056624;,
  -0.062244;0.841939;-0.031259;,
  -0.053257;0.827169;-0.024780;,
  -0.064184;0.879143;-0.019600;,
  -0.068619;0.885220;-0.042954;,
  -0.067659;0.876737;-0.068831;,
  -0.066904;0.914237;-0.081254;,
  -0.072069;0.920424;-0.054511;,
  -0.059759;0.885770;-0.004806;,
  -0.047049;0.897979;0.012153;,
  -0.007028;0.903447;0.017070;,
  -0.046780;0.942143;-0.007890;,
  -0.013153;0.948000;-0.003109;,
  -0.065911;0.854580;-0.064194;,
  -0.048700;0.816178;-0.070016;,
  -0.054376;0.846615;-0.088295;,
  -0.033705;0.791022;-0.079776;,
  -0.051422;0.926447;-0.093269;,
  -0.061453;0.939007;-0.062707;,
  -0.053480;0.951825;-0.036965;,
  -0.064045;0.935309;-0.023644;,
  -0.036116;0.959487;-0.034176;,
  -0.019004;0.963254;-0.034828;,
  -0.005103;0.863679;0.011683;,
  -0.064045;0.935309;-0.023644;,
  -0.053480;0.951825;-0.036965;,
  -0.073458;0.873557;-0.017324;,
  -0.066891;0.844191;-0.031646;,
  -0.069061;0.872136;-0.031279;,
  -0.073206;0.891080;-0.028757;,
  -0.066891;0.844191;-0.031646;,
  -0.073458;0.873557;-0.017324;,
  -0.073206;0.891080;-0.028757;,
  -0.068619;0.885220;-0.042954;,
  -0.067817;0.860211;-0.045654;,
  -0.062244;0.841939;-0.031259;,
  -0.056127;0.868521;-0.091819;,
  -0.067817;0.860211;-0.045654;,
  -0.034138;0.819444;-0.007262;,
  -0.036613;0.792328;0.006773;,
  -0.061337;0.776377;0.027424;,
  -0.045903;0.837615;-0.012494;,
  0.020753;0.486832;0.091030;,
  0.019274;0.452651;0.088560;,
  0.016542;0.433941;0.083016;,
  0.001325;0.436917;0.024429;,
  -0.036116;0.959487;-0.034176;,
  -0.019004;0.963254;-0.034828;,
  -0.037898;0.821176;-0.089622;,
  -0.032822;0.833392;-0.099716;,
  -0.033472;0.842946;-0.100949;,
  -0.037384;0.867995;-0.100031;,
  0.028734;0.598817;0.060389;,
  -0.061337;0.776377;0.027424;,
  -0.123846;0.000336;-0.170996;,
  -0.029889;0.812176;-0.096143;,
  -0.036684;0.814773;-0.088500;,
  -0.029647;0.817496;-0.093356;,
  -0.030412;0.820622;-0.098678;,
  -0.059500;0.737547;0.083105;,
  -0.061191;0.721490;0.052267;,
  -0.074576;0.717446;0.042296;,
  -0.092484;0.721955;0.017241;,
  -0.059759;0.885770;-0.004806;,
  -0.033643;0.228048;-0.115800;,
  -0.032405;0.150652;-0.119232;,
  0.006750;0.146427;-0.081599;,
  -0.002439;0.221600;-0.084713;,
  -0.047104;0.289400;-0.116473;,
  -0.004831;0.280621;-0.095988;,
  -0.037328;0.375978;-0.080207;,
  -0.012965;0.363475;-0.069042;,
  -0.035310;0.459921;-0.050341;,
  -0.020519;0.445211;-0.047291;,
  -0.014802;0.483409;-0.038381;,
  -0.051059;0.492114;-0.016180;,
  -0.026117;0.078832;-0.126962;,
  0.014923;0.082300;-0.082537;,
  -0.007523;0.075629;-0.027861;,
  -0.058745;0.083958;-0.047637;,
  -0.076129;0.149539;-0.021372;,
  -0.013051;0.149592;-0.021683;,
  -0.080267;0.221907;-0.003969;,
  -0.016134;0.216585;-0.020794;,
  -0.018190;0.263586;-0.016148;,
  -0.076340;0.268908;-0.023501;,
  -0.083473;0.338162;0.031234;,
  -0.000080;0.337559;0.016184;,
  0.019274;0.452651;0.088560;,
  -0.017289;0.439402;0.087801;,
  -0.061191;0.721490;0.052267;,
  -0.075547;0.466970;-0.020840;,
  -0.090746;0.379835;-0.060314;,
  -0.099467;0.290676;-0.100856;,
  -0.086524;0.226649;-0.087878;,
  -0.079277;0.153194;-0.094415;,
  -0.074064;0.072728;-0.098740;,
  0.091957;0.426066;0.040551;,
  0.099140;0.343624;0.030699;,
  0.056514;0.443886;0.076401;,
  0.068669;0.264471;0.016772;,
  0.092026;0.238094;0.048883;,
  0.091300;0.168890;0.076586;,
  0.076925;0.100292;0.106719;,
  -0.065460;0.419091;0.067230;,
  0.036113;0.746421;-0.071228;,
  0.036113;0.746421;-0.071228;,
  0.011159;0.772929;-0.039097;,
  0.011159;0.772929;-0.039097;,
  0.011159;0.772929;-0.039097;,
  0.011159;0.772929;-0.039097;,
  0.011159;0.772929;-0.039097;,
  0.011159;0.772929;-0.039097;,
  0.041443;0.725592;-0.077242;,
  0.041443;0.725592;-0.077242;,
  0.046280;0.711048;-0.079992;,
  0.046280;0.711048;-0.079992;,
  0.046280;0.711048;-0.079992;,
  0.010131;0.676431;-0.074646;,
  0.010131;0.676431;-0.074646;,
  0.010131;0.676431;-0.074646;,
  0.010131;0.676431;-0.074646;,
  0.010131;0.676431;-0.074646;,
  0.057912;0.679039;-0.069699;,
  0.057912;0.679039;-0.069699;,
  0.057912;0.679039;-0.069699;,
  0.057912;0.679039;-0.069699;,
  0.057912;0.679039;-0.069699;,
  0.033777;0.795922;-0.011392;,
  0.033777;0.795922;-0.011392;,
  0.033777;0.795922;-0.011392;,
  0.033777;0.795922;-0.011392;,
  0.033777;0.795922;-0.011392;,
  0.033777;0.795922;-0.011392;,
  0.064136;0.773630;-0.037131;,
  0.064136;0.773630;-0.037131;,
  0.087669;0.771112;-0.017068;,
  0.087669;0.771112;-0.017068;,
  0.087669;0.771112;-0.017068;,
  0.058796;0.547527;0.052009;,
  0.058796;0.547527;0.052009;,
  0.058796;0.547527;0.052009;,
  0.058796;0.547527;0.052009;,
  0.058796;0.547527;0.052009;,
  0.083703;0.549187;0.020605;,
  0.083703;0.549187;0.020605;,
  0.083703;0.549187;0.020605;,
  0.083703;0.549187;0.020605;,
  0.083703;0.549187;0.020605;,
  0.061276;0.549488;-0.030538;,
  0.061276;0.549488;-0.030538;,
  0.061276;0.549488;-0.030538;,
  0.061276;0.549488;-0.030538;,
  0.061276;0.549488;-0.030538;,
  0.061276;0.549488;-0.030538;,
  0.025384;0.545130;-0.050760;,
  0.025384;0.545130;-0.050760;,
  0.025384;0.545130;-0.050760;,
  0.025384;0.545130;-0.050760;,
  0.025384;0.545130;-0.050760;,
  0.058559;0.499048;-0.036419;,
  0.058559;0.499048;-0.036419;,
  0.058559;0.499048;-0.036419;,
  0.058559;0.499048;-0.036419;,
  0.058559;0.499048;-0.036419;,
  0.058559;0.499048;-0.036419;,
  -0.038794;0.677744;-0.050666;,
  -0.038794;0.677744;-0.050666;,
  -0.038794;0.677744;-0.050666;,
  -0.038794;0.677744;-0.050666;,
  -0.038794;0.677744;-0.050666;,
  0.018233;0.546176;0.065351;,
  0.018233;0.546176;0.065351;,
  0.077374;0.646324;0.033568;,
  0.077374;0.646324;0.033568;,
  0.077374;0.646324;0.033568;,
  0.077374;0.646324;0.033568;,
  0.035802;0.649350;0.064887;,
  0.035802;0.649350;0.064887;,
  0.040565;0.688907;0.065472;,
  0.040565;0.688907;0.065472;,
  0.085251;0.687421;0.029930;,
  0.085251;0.687421;0.029930;,
  0.085251;0.687421;0.029930;,
  0.085251;0.687421;0.029930;,
  0.085251;0.687421;0.029930;,
  0.042123;0.450224;-0.045230;,
  0.042123;0.450224;-0.045230;,
  0.042123;0.450224;-0.045230;,
  0.042123;0.450224;-0.045230;,
  0.042123;0.450224;-0.045230;,
  0.042123;0.450224;-0.045230;,
  0.084079;0.445858;-0.017227;,
  0.084079;0.445858;-0.017227;,
  0.084079;0.445858;-0.017227;,
  0.084079;0.445858;-0.017227;,
  0.084079;0.445858;-0.017227;,
  0.084079;0.445858;-0.017227;,
  0.035353;0.249932;-0.056634;,
  0.035353;0.249932;-0.056634;,
  0.035353;0.249932;-0.056634;,
  0.035353;0.249932;-0.056634;,
  0.035353;0.249932;-0.056634;,
  0.072996;0.253794;-0.021216;,
  0.072996;0.253794;-0.021216;,
  0.072996;0.253794;-0.021216;,
  0.072996;0.253794;-0.021216;,
  0.072996;0.253794;-0.021216;,
  0.019870;0.427108;0.069782;,
  0.019870;0.427108;0.069782;,
  0.019870;0.427108;0.069782;,
  0.019870;0.427108;0.069782;,
  0.019870;0.427108;0.069782;,
  0.019870;0.427108;0.069782;,
  0.019870;0.427108;0.069782;,
  0.028994;0.264105;0.026264;,
  0.028994;0.264105;0.026264;,
  0.028994;0.264105;0.026264;,
  0.028994;0.264105;0.026264;,
  0.028994;0.264105;0.026264;,
  0.016989;0.255153;-0.011962;,
  0.091957;0.426066;0.040551;,
  0.091957;0.426066;0.040551;,
  0.091957;0.426066;0.040551;,
  0.091957;0.426066;0.040551;,
  0.091957;0.426066;0.040551;,
  0.068669;0.264471;0.016772;,
  0.068669;0.264471;0.016772;,
  0.068669;0.264471;0.016772;,
  0.068669;0.264471;0.016772;,
  0.068669;0.264471;0.016772;,
  0.068669;0.264471;0.016772;,
  0.054321;0.069480;0.067781;,
  0.054321;0.069480;0.067781;,
  0.080451;0.077809;0.089138;,
  0.080451;0.077809;0.089138;,
  0.080451;0.077809;0.089138;,
  0.053771;0.096660;0.114158;,
  0.053771;0.096660;0.114158;,
  0.076925;0.100292;0.106719;,
  0.076925;0.100292;0.106719;,
  0.094526;0.439136;0.044107;,
  0.094526;0.439136;0.044107;,
  0.094526;0.439136;0.044107;,
  0.094526;0.439136;0.044107;,
  0.056514;0.443886;0.076401;,
  0.056514;0.443886;0.076401;,
  0.056514;0.443886;0.076401;,
  0.056514;0.443886;0.076401;,
  0.068571;0.598386;0.034892;,
  0.068571;0.598386;0.034892;,
  0.068571;0.598386;0.034892;,
  0.068571;0.598386;0.034892;,
  0.068571;0.598386;0.034892;,
  0.068571;0.598386;0.034892;,
  0.094349;0.642839;0.001718;,
  0.094349;0.642839;0.001718;,
  0.094349;0.642839;0.001718;,
  0.094349;0.642839;0.001718;,
  0.094349;0.642839;0.001718;,
  0.094762;0.646700;-0.019018;,
  0.094762;0.646700;-0.019018;,
  0.094762;0.646700;-0.019018;,
  0.094762;0.646700;-0.019018;,
  0.094762;0.646700;-0.019018;,
  0.094762;0.646700;-0.019018;,
  0.060250;0.648169;-0.060641;,
  0.060250;0.648169;-0.060641;,
  0.060250;0.648169;-0.060641;,
  0.060250;0.648169;-0.060641;,
  0.060250;0.648169;-0.060641;,
  0.051446;0.599232;-0.042724;,
  0.051446;0.599232;-0.042724;,
  0.051446;0.599232;-0.042724;,
  0.051446;0.599232;-0.042724;,
  0.051446;0.599232;-0.042724;,
  0.051446;0.599232;-0.042724;,
  0.083338;0.597656;-0.003001;,
  0.083338;0.597656;-0.003001;,
  0.083338;0.597656;-0.003001;,
  0.083338;0.597656;-0.003001;,
  0.011989;0.645865;-0.072018;,
  0.011989;0.645865;-0.072018;,
  0.011989;0.645865;-0.072018;,
  0.011989;0.645865;-0.072018;,
  0.011989;0.645865;-0.072018;,
  0.017003;0.595168;-0.056384;,
  0.017003;0.595168;-0.056384;,
  0.017003;0.595168;-0.056384;,
  0.017003;0.595168;-0.056384;,
  0.017003;0.595168;-0.056384;,
  -0.036294;0.649309;-0.048839;,
  -0.036294;0.649309;-0.048839;,
  -0.036294;0.649309;-0.048839;,
  -0.036294;0.649309;-0.048839;,
  -0.036294;0.649309;-0.048839;,
  -0.036294;0.649309;-0.048839;,
  -0.036294;0.649309;-0.048839;,
  -0.027502;0.591393;-0.035955;,
  -0.027502;0.591393;-0.035955;,
  -0.027502;0.591393;-0.035955;,
  -0.027502;0.591393;-0.035955;,
  -0.027502;0.591393;-0.035955;,
  0.102071;0.607277;-0.085621;,
  0.102071;0.607277;-0.085621;,
  0.125217;0.626917;-0.123518;,
  0.125217;0.626917;-0.123518;,
  0.125217;0.626917;-0.123518;,
  0.125217;0.626917;-0.123518;,
  0.125217;0.626917;-0.123518;,
  0.144784;0.602833;-0.059964;,
  0.144784;0.602833;-0.059964;,
  0.144784;0.602833;-0.059964;,
  0.144784;0.602833;-0.059964;,
  0.144784;0.602833;-0.059964;,
  0.102071;0.607277;-0.085621;,
  0.167923;0.622238;-0.097788;,
  0.167923;0.622238;-0.097788;,
  0.167923;0.622238;-0.097788;,
  0.167923;0.622238;-0.097788;,
  0.167923;0.622238;-0.097788;,
  0.167923;0.622238;-0.097788;,
  0.054589;0.527746;-0.158379;,
  0.054589;0.527746;-0.158379;,
  0.063874;0.537505;-0.182183;,
  0.063874;0.537505;-0.182183;,
  0.063874;0.537505;-0.182183;,
  0.063874;0.537505;-0.182183;,
  0.063874;0.537505;-0.182183;,
  0.063874;0.537505;-0.182183;,
  0.136387;0.566303;-0.077507;,
  0.136387;0.566303;-0.077507;,
  0.136387;0.566303;-0.077507;,
  0.136387;0.566303;-0.077507;,
  0.136387;0.566303;-0.077507;,
  0.089121;0.510009;-0.161054;,
  0.089121;0.510009;-0.161054;,
  0.089121;0.510009;-0.161054;,
  0.089121;0.510009;-0.161054;,
  0.054589;0.527746;-0.158379;,
  0.054589;0.527746;-0.158379;,
  0.164673;0.590383;-0.120923;,
  0.164673;0.590383;-0.120923;,
  0.164673;0.590383;-0.120923;,
  0.164673;0.590383;-0.120923;,
  0.093765;0.515683;-0.175598;,
  0.093765;0.515683;-0.175598;,
  0.093765;0.515683;-0.175598;,
  0.093765;0.515683;-0.175598;,
  0.093765;0.515683;-0.175598;,
  0.089895;0.765709;-0.053445;,
  0.089895;0.765709;-0.053445;,
  0.089895;0.765709;-0.053445;,
  0.089895;0.765709;-0.053445;,
  0.076626;0.764024;-0.080194;,
  0.076626;0.764024;-0.080194;,
  0.076626;0.764024;-0.080194;,
  0.076626;0.764024;-0.080194;,
  0.076626;0.764024;-0.080194;,
  0.064136;0.773630;-0.037131;,
  0.064136;0.773630;-0.037131;,
  0.048547;0.767721;-0.056088;,
  0.105990;0.687834;-0.005149;,
  0.105990;0.687834;-0.005149;,
  0.105990;0.687834;-0.005149;,
