xof 0303txt 0032
template XSkinMeshHeader {
 <3cf169ce-ff7c-44ab-93c0-f78f62d172e2>
 WORD nMaxSkinWeightsPerVertex;
 WORD nMaxSkinWeightsPerFace;
 WORD nBones;
}

template VertexDuplicationIndices {
 <b8d65549-d7c9-4995-89cf-53a9a8b031e3>
 DWORD nIndices;
 DWORD nOriginalVertices;
 array DWORD indices[nIndices];
}

template SkinWeights {
 <6f0d123b-bad2-4167-a0d0-80224f25fabb>
 STRING transformNodeName;
 DWORD nWeights;
 array DWORD vertexIndices[nWeights];
 array FLOAT weights[nWeights];
 Matrix4x4 matrixOffset;
}

template AnimTicksPerSecond {
 <9e415a43-7ba6-4a73-8743-b73d47e88476>
 DWORD AnimTicksPerSecond;
}


AnimTicksPerSecond {
 9602;
}

Frame Dummy01 {
 

 FrameTransformMatrix {
  1.000000,0.000000,0.000000,0.000000,0.000000,-0.000000,-1.000000,0.000000,0.000000,1.000000,-0.000000,0.000000,0.000000,0.000000,0.000000,1.000000;;
 }

 Frame Bip01 {
  

  FrameTransformMatrix {
   -0.376830,0.926266,-0.005436,0.000000,0.033089,0.019325,0.999266,0.000000,0.925691,0.376374,-0.037931,0.000000,-0.010715,-0.025440,0.485796,1.000000;;
  }

  Frame Bip01_Pelvis {
   

   FrameTransformMatrix {
    0.002602,0.998463,-0.055359,0.000000,-0.046873,0.055420,0.997362,0.000000,0.998898,0.000000,0.046945,0.000000,0.000000,0.000000,0.000000,1.000000;;
   }

   Frame Bip01_Spine {
    

    FrameTransformMatrix {
     0.975044,0.037446,0.218829,0.000000,-0.090760,0.966776,0.238970,0.000000,-0.202610,-0.252867,0.946048,0.000000,0.051571,0.002883,-0.000080,1.000000;;
    }

    Frame Bip01_Spine1 {
     

     FrameTransformMatrix {
      0.984294,0.049916,0.169333,0.000000,-0.048022,0.998730,-0.015266,0.000000,-0.169880,0.006894,0.985441,0.000000,0.106494,-0.000001,-0.000084,1.000000;;
     }

     Frame Bip01_Neck {
      

      FrameTransformMatrix {
       1.000000,-0.000000,-0.000000,0.000000,0.000000,1.000000,-0.000000,0.000000,0.000000,-0.000000,1.000000,0.000000,0.130504,0.000000,0.004625,1.000000;;
      }

      Frame Bip01_Head {
       

       FrameTransformMatrix {
        0.995476,-0.000452,-0.095010,0.000000,-0.045321,0.876632,-0.479023,0.000000,0.083505,0.481161,0.872646,0.000000,0.033674,0.000000,0.000000,1.000000;;
       }

       Frame Bip01_HeadNub {
        

        FrameTransformMatrix {
         1.000000,0.000000,0.000000,0.000000,-0.000000,1.000000,0.000000,0.000000,0.000000,0.000000,1.000000,0.000000,0.169824,0.000000,0.000000,1.000000;;
        }
       }
      }

      Frame Bip01_L_Clavicle {
       

       FrameTransformMatrix {
        -0.183300,0.982149,-0.042239,0.000000,0.983057,0.183096,-0.008684,0.000000,-0.000796,-0.043115,-0.999070,0.000000,-0.024025,0.015715,-0.004625,1.000000;;
       }

       Frame Bip01_L_UpperArm {
        

        FrameTransformMatrix {
         0.406781,-0.901580,-0.147249,0.000000,0.889317,0.427685,-0.161867,0.000000,0.208912,-0.065107,0.975765,0.000000,0.087086,0.000000,0.000000,1.000000;;
        }

        Frame Bip01_L_Forearm {
         

         FrameTransformMatrix {
          -0.116380,-0.000000,-0.993205,0.000000,-0.000000,1.000000,-0.000000,0.000000,0.993205,0.000000,-0.116380,0.000000,0.137062,0.000000,0.000000,1.000000;;
         }

         Frame Bip01_L_Hand {
          

          FrameTransformMatrix {
           0.967636,-0.076672,0.240422,0.000000,-0.162349,-0.918527,0.360487,0.000000,0.193195,-0.387853,-0.901247,0.000000,0.137062,0.000000,0.000000,1.000000;;
          }

          Frame Bip01_L_Finger0 {
           

           FrameTransformMatrix {
            0.370242,-0.503806,0.780450,0.000000,0.794693,0.606833,0.014732,0.000000,-0.481024,0.614764,0.625046,0.000000,0.057681,-0.023605,-0.000272,1.000000;;
           }

           Frame Bip01_L_Finger0Nub {
            

            FrameTransformMatrix {
             1.000000,0.000000,0.000000,0.000000,-0.000000,1.000000,-0.000000,0.000000,0.000000,0.000000,1.000000,0.000000,0.029435,-0.000000,0.000000,1.000000;;
            }
           }
          }

          Frame Bip01_L_Finger1 {
           

           FrameTransformMatrix {
            0.069696,-0.000794,0.997568,0.000000,0.000000,1.000000,0.000796,0.000000,-0.997568,-0.000055,0.069696,0.000000,0.084102,-0.000000,0.000000,1.000000;;
           }

           Frame Bip01_L_Finger1Nub {
            

            FrameTransformMatrix {
             1.000000,0.000000,-0.000000,0.000000,0.000000,1.000000,-0.000000,0.000000,0.000000,0.000000,1.000000,0.000000,0.047988,-0.000000,0.000000,1.000000;;
            }
           }
          }
         }
        }
       }
      }

      Frame Bip01_R_Clavicle {
       

       FrameTransformMatrix {
        -0.011917,-0.997464,-0.070166,0.000000,-0.999929,0.011832,0.001629,0.000000,-0.000794,0.070180,-0.997534,0.000000,-0.024025,-0.015715,-0.004625,1.000000;;
       }

       Frame Bip01_R_UpperArm {
        

        FrameTransformMatrix {
         0.616166,0.760688,0.204189,0.000000,-0.571882,0.253837,0.780076,0.000000,0.541563,-0.597428,0.591429,0.000000,0.087086,0.000000,0.000000,1.000000;;
        }

        Frame Bip01_R_Forearm {
         

         FrameTransformMatrix {
          0.179093,-0.000000,-0.983832,0.000000,-0.000000,1.000000,-0.000000,0.000000,0.983832,0.000000,0.179093,0.000000,0.137062,0.000000,0.000000,1.000000;;
         }

         Frame Bip01_R_Hand {
          

          FrameTransformMatrix {
           0.976026,-0.212255,-0.048176,0.000000,0.004732,0.241983,-0.970269,0.000000,0.217603,0.946780,0.237186,0.000000,0.137062,0.000000,-0.000000,1.000000;;
          }

          Frame Bip01_R_Finger0 {
           

           FrameTransformMatrix {
            -0.119180,0.310912,0.942937,0.000000,-0.869175,0.426392,-0.250449,0.000000,-0.479928,-0.849426,0.219420,0.000000,0.057681,0.023605,-0.000272,1.000000;;
           }

           Frame Bip01_R_Finger0Nub {
            

            FrameTransformMatrix {
             -1.000000,0.000000,0.000000,0.000000,0.000000,1.000000,-0.000000,0.000000,-0.000000,0.000000,-1.000000,0.000000,0.029435,-0.000000,-0.000000,1.000000;;
            }
           }
          }

          Frame Bip01_R_Finger1 {
           

           FrameTransformMatrix {
            0.224600,0.000776,0.974451,0.000000,0.000000,1.000000,-0.000796,0.000000,-0.974451,0.000179,0.224599,0.000000,0.084102,0.000000,-0.000000,1.000000;;
           }

           Frame Bip01_R_Finger1Nub {
            

            FrameTransformMatrix {
             -1.000000,-0.000000,-0.000000,0.000000,0.000000,1.000000,-0.000000,0.000000,0.000000,-0.000000,-1.000000,0.000000,0.047988,-0.000000,0.000000,1.000000;;
            }
           }
          }
         }
        }
       }
      }
     }

     Frame Bip01_BackPack {
      

      FrameTransformMatrix {
       0.096193,0.169560,-0.980814,0.000000,0.015394,0.985012,0.171795,0.000000,0.995244,-0.031624,0.092141,0.000000,0.063696,0.000001,-0.088852,1.000000;;
      }

      Frame Bip01_BackPackNub {
       

       FrameTransformMatrix {
        0.000796,0.000003,1.000000,0.000000,0.000000,-1.000000,0.000003,0.000000,1.000000,0.000000,-0.000796,0.000000,0.053240,0.000000,0.000000,1.000000;;
       }
      }
     }
    }

    Frame Bip01_L_Thigh {
     

     FrameTransformMatrix {
      -0.978883,-0.014041,0.203939,0.000000,0.065715,-0.966298,0.248896,0.000000,0.193571,0.257042,0.946816,0.000000,-0.048307,0.055303,-0.002711,1.000000;;
     }

     Frame Bip01_L_Calf {
      

      FrameTransformMatrix {
       0.770952,0.000000,-0.636893,0.000000,0.000000,1.000000,0.000000,0.000000,0.636893,-0.000000,0.770952,0.000000,0.237500,0.000000,0.000000,1.000000;;
      }

      Frame Bip01_L_Foot {
       

       FrameTransformMatrix {
        0.988866,0.020244,0.147424,0.000000,-0.029716,0.997613,0.062335,0.000000,-0.145810,-0.066021,0.987107,0.000000,0.206841,0.000000,-0.000000,1.000000;;
       }

       Frame Bip01_L_Toe0 {
        

        FrameTransformMatrix {
         -0.829102,0.023562,0.558600,0.000000,0.168692,0.963091,0.209758,0.000000,-0.533041,0.268142,-0.802476,0.000000,0.065373,0.000000,0.066450,1.000000;;
        }

        Frame Bip01_L_Toe0Nub {
         

         FrameTransformMatrix {
          -1.000000,-0.000000,0.000000,0.000000,-0.000000,1.000000,-0.000000,0.000000,0.000000,-0.000000,-1.000000,0.000000,0.006735,0.000000,0.000000,1.000000;;
         }
        }
       }
      }
     }
    }

    Frame Bip01_R_Thigh {
     

     FrameTransformMatrix {
      -0.788931,0.137416,0.598920,0.000000,-0.137400,-0.989446,0.046027,0.000000,0.598923,-0.045980,0.799485,0.000000,-0.052442,-0.051478,0.025218,1.000000;;
     }

     Frame Bip01_R_Calf {
      

      FrameTransformMatrix {
       0.787303,0.000000,-0.616567,0.000000,-0.000000,1.000000,-0.000000,0.000000,0.616567,0.000000,0.787303,0.000000,0.237500,0.000000,0.000000,1.000000;;
      }

      Frame Bip01_R_Foot {
       

       FrameTransformMatrix {
        0.975985,0.003243,0.217814,0.000000,0.014941,0.996538,-0.081786,0.000000,-0.217326,0.083077,0.972557,0.000000,0.206841,-0.000000,-0.000000,1.000000;;
       }

       Frame Bip01_R_Toe0 {
        

        FrameTransformMatrix {
         0.782560,-0.159191,0.601878,0.000000,-0.162132,0.881289,0.443896,0.000000,-0.601093,-0.444959,0.663852,0.000000,0.065373,0.000000,0.066450,1.000000;;
        }

        Frame Bip01_R_Toe0Nub {
         

         FrameTransformMatrix {
          1.000000,0.000000,0.000000,0.000000,0.000000,1.000000,0.000000,0.000000,-0.000000,-0.000000,1.000000,0.000000,0.006735,-0.000000,0.000000,1.000000;;
         }
        }
       }
      }
     }
    }
   }

   Frame Bip01_DressFront {
    

    FrameTransformMatrix {
     -0.911709,0.006531,0.410785,0.000000,0.032918,0.997820,0.057194,0.000000,-0.409516,0.065666,-0.909937,0.000000,-0.043942,0.001390,0.061074,1.000000;;
    }

    Frame Bip01_DressFront02 {
     

     FrameTransformMatrix {
      0.839849,-0.060839,0.539400,0.000000,0.057651,0.998076,0.022810,0.000000,-0.539750,0.011940,0.841741,0.000000,0.183395,-0.000002,-0.000111,1.000000;;
     }

     Frame Bip01_DressFrontNub {
      

      FrameTransformMatrix {
       0.000796,0.000003,1.000000,0.000000,-0.000000,-1.000000,0.000003,0.000000,1.000000,-0.000000,-0.000796,0.000000,0.165302,-0.000000,0.000000,1.000000;;
      }
     }
    }
   }

   Frame Bip01_DressBack {
    

    FrameTransformMatrix {
     -0.949015,-0.138575,0.283139,0.000000,-0.186574,0.970896,-0.150170,0.000000,-0.254089,-0.195340,-0.947249,0.000000,-0.047697,0.000027,-0.078287,1.000000;;
    }

    Frame Bip01_DressBack02 {
     

     FrameTransformMatrix {
      0.599868,0.119546,0.791118,0.000000,-0.199374,0.979919,0.003101,0.000000,-0.774860,-0.159588,0.611656,0.000000,0.176243,0.000017,-0.000067,1.000000;;
     }

     Frame Bip01_DressBackNub {
      

      FrameTransformMatrix {
       0.000796,0.000003,1.000000,0.000000,0.000000,-1.000000,0.000003,0.000000,1.000000,0.000000,-0.000796,0.000000,0.136508,0.000000,-0.000000,1.000000;;
      }
     }
    }
   }
  }

  Frame Bip01_Prop1 {
   

   FrameTransformMatrix {
    -0.576520,-0.139939,0.805010,0.000000,0.755037,0.285349,0.590335,0.000000,-0.312319,0.948153,-0.058851,0.000000,0.012903,0.000410,-0.119654,1.000000;;
   }
  }

  Frame Bip01_Prop2 {
   

   FrameTransformMatrix {
    0.596321,-0.708081,0.378183,0.000000,0.689562,0.210640,-0.692918,0.000000,0.410982,0.673982,0.613875,0.000000,0.170155,0.080162,0.079860,1.000000;;
   }
  }
 }
}

Frame Translation_Data {
 

 FrameTransformMatrix {
  -0.000000,0.000000,-1.000000,0.000000,-1.000000,-0.000000,0.000000,0.000000,-0.000000,1.000000,0.000000,0.000000,0.000000,-0.000000,0.000000,1.000000;;
 }
}

Frame Body {
 

 FrameTransformMatrix {
  1.000000,0.000000,0.000000,0.000000,0.000000,1.000000,0.000000,0.000000,0.000000,0.000000,1.000000,0.000000,0.000000,0.000000,0.000000,1.000000;;
 }

 Mesh Body {
  1459;
  0.018602;0.721564;-0.095995;,
  -0.012002;0.752370;-0.072941;,
  -0.013797;0.718792;-0.078173;,
  0.025857;0.700585;-0.096721;,
  0.030856;0.686989;-0.097545;,
  -0.013902;0.683098;-0.084848;,
  -0.003090;0.651230;-0.083951;,
  0.044179;0.658857;-0.079720;,
  0.007112;0.783202;-0.050979;,
  0.042316;0.758698;-0.067740;,
  0.063439;0.763379;-0.048684;,
  0.039798;0.773188;-0.030094;,
  0.079807;0.536917;0.034151;,
  0.049047;0.531651;0.070873;,
  0.049695;0.545569;0.061100;,
  0.072310;0.547113;0.028151;,
  0.046377;0.545597;-0.021014;,
  0.067464;0.521323;-0.004242;,
  0.009317;0.539844;-0.038447;,
  0.014369;0.487518;-0.026639;,
  0.044509;0.496998;-0.027411;,
  -0.050034;0.688745;-0.066193;,
  -0.052486;0.653823;-0.060964;,
  0.009432;0.526631;0.084656;,
  0.010196;0.543490;0.077225;,
  0.064477;0.649623;0.026375;,
  0.022935;0.656670;0.057168;,
  0.022943;0.697445;0.049384;,
  0.068404;0.691723;0.015198;,
  0.026191;0.444807;-0.031123;,
  0.021365;0.345428;-0.025136;,
  0.066057;0.340399;-0.009877;,
  0.070584;0.441912;-0.006927;,
  0.011983;0.242680;-0.017145;,
  0.053155;0.250334;0.012656;,
  -0.013569;0.451193;0.005634;,
  0.015421;0.430110;0.085702;,
  0.014739;0.353843;0.083497;,
  -0.015523;0.351456;0.013856;,
  0.014618;0.268646;0.062070;,
  -0.001466;0.254791;0.027510;,
  0.084097;0.426783;0.050849;,
  0.087239;0.344182;0.051216;,
  0.053023;0.266364;0.048498;,
  0.081863;0.044815;0.195231;,
  0.037741;0.046040;0.203990;,
  0.054720;0.072209;0.241544;,
  0.088331;0.069801;0.232627;,
  0.026343;0.200097;0.037762;,
  0.034112;0.144124;0.085696;,
  0.070696;0.157143;0.098838;,
  0.064959;0.213342;0.049943;,
  0.045483;0.084824;0.137252;,
  0.072640;0.099307;0.153624;,
  -0.003659;0.205109;0.078740;,
  0.012330;0.249874;0.107848;,
  0.023286;0.193656;0.140378;,
  0.014011;0.160915;0.114376;,
  0.046988;0.124572;0.174323;,
  0.037143;0.094029;0.164965;,
  0.079791;0.248055;0.081871;,
  0.082134;0.185484;0.122325;,
  0.069452;0.126131;0.164394;,
  0.075492;0.492614;-0.001377;,
  -0.028116;0.479018;-0.024178;,
  -0.022791;0.444627;-0.010944;,
  -0.013569;0.451193;0.005634;,
  0.095320;0.487778;0.049290;,
  0.056178;0.485744;0.088606;,
  0.087569;0.439297;0.051931;,
  0.052555;0.444095;0.086475;,
  0.058163;0.600135;0.036859;,
  0.081507;0.640600;-0.004310;,
  0.081640;0.640059;-0.025334;,
  0.047005;0.630838;-0.065467;,
  0.038818;0.586818;-0.038457;,
  0.071876;0.593315;-0.000671;,
  -0.001044;0.623450;-0.075037;,
  0.004180;0.579289;-0.049677;,
  -0.050470;0.630159;-0.051734;,
  -0.039558;0.577646;-0.027205;,
  0.064180;0.681700;-0.117121;,
  0.023763;0.688309;-0.082215;,
  0.082602;0.634690;-0.113163;,
  0.036064;0.628421;-0.075949;,
  0.062455;0.591095;-0.061475;,
  0.099538;0.593828;-0.092602;,
  0.060625;0.691186;-0.033792;,
  0.074999;0.643027;-0.024605;,
  0.036064;0.628421;-0.075949;,
  0.085251;0.576048;-0.031053;,
  0.062455;0.591095;-0.061475;,
  0.071442;0.694511;-0.033185;,
  0.102688;0.695468;-0.065390;,
  0.121610;0.649614;-0.061858;,
  0.122182;0.578502;-0.062140;,
  0.086925;0.689590;-0.099329;,
  0.092457;0.608455;-0.105612;,
  0.047285;0.607114;-0.070143;,
  0.016054;0.591969;-0.119916;,
  0.046333;0.593680;-0.140594;,
  -0.003093;0.579964;-0.157557;,
  0.009891;0.576671;-0.170787;,
  0.047285;0.607114;-0.070143;,
  0.061305;0.548019;-0.053655;,
  0.034011;0.538246;-0.111836;,
  0.016054;0.591969;-0.119916;,
  0.000043;0.548871;-0.145451;,
  -0.003093;0.579964;-0.157557;,
  0.106207;0.549530;-0.088931;,
  0.057344;0.539972;-0.127541;,
  0.014856;0.541701;-0.161998;,
  -0.073888;0.570544;-0.233433;,
  -0.053976;0.571204;-0.224109;,
  -0.060898;0.546709;-0.183234;,
  -0.080335;0.546266;-0.192886;,
  -0.031806;0.577465;-0.233438;,
  -0.042179;0.573350;-0.234570;,
  -0.039631;0.564503;-0.240595;,
  -0.026998;0.572090;-0.242609;,
  -0.040095;0.565112;-0.160397;,
  -0.060699;0.541143;-0.180318;,
  -0.025435;0.553094;-0.217719;,
  -0.014782;0.581105;-0.200090;,
  -0.021188;0.532356;-0.159394;,
  -0.057226;0.522117;-0.185221;,
  0.006406;0.548567;-0.200355;,
  -0.022668;0.533602;-0.220703;,
  0.069402;0.750463;-0.079156;,
  0.059046;0.740914;-0.105523;,
  0.042316;0.758698;-0.067740;,
  0.028006;0.747126;-0.085691;,
  0.089855;0.685939;-0.018976;,
  0.002052;0.767255;-0.074016;,
  0.044899;0.718727;-0.113087;,
  0.018602;0.721564;-0.095995;,
  0.025857;0.700585;-0.096721;,
  0.045052;0.697331;-0.103375;,
  0.084694;0.725101;-0.040341;,
  0.062719;0.728230;-0.003826;,
  0.084435;0.727255;-0.045903;,
  0.016292;0.731379;0.031002;,
  -0.002298;0.772782;-0.008331;,
  0.063439;0.763379;-0.048684;,
  0.084435;0.727255;-0.045903;,
  0.047053;0.689762;-0.071839;,
  0.080143;0.715218;-0.049967;,
  0.023763;0.688309;-0.082215;,
  0.074754;0.673030;-0.044227;,
  0.050741;0.660296;-0.066550;,
  0.030856;0.686989;-0.097545;,
  0.087530;0.679914;-0.035512;,
  -0.014782;0.581105;-0.200090;,
  -0.000292;0.805602;-0.045514;,
  0.001249;0.797888;-0.066572;,
  -0.015152;0.790078;-0.033063;,
  -0.021394;0.811078;-0.030340;,
  -0.022668;0.533602;-0.220703;,
  -0.073888;0.570544;-0.233433;,
  -0.080335;0.546266;-0.192886;,
  -0.019270;0.576518;-0.217939;,
  -0.013493;0.558978;-0.236105;,
  -0.019270;0.576518;-0.217939;,
  -0.033608;0.566091;-0.219538;,
  -0.027736;0.543805;-0.228175;,
  -0.027736;0.543805;-0.228175;,
  -0.031806;0.577465;-0.233438;,
  -0.026998;0.572090;-0.242609;,
  -0.039631;0.564503;-0.240595;,
  0.067321;0.020363;0.120380;,
  0.027939;-0.000696;0.099919;,
  0.029042;-0.020241;0.103928;,
  0.072780;-0.001994;0.124991;,
  0.045651;0.094483;0.215758;,
  0.054720;0.072209;0.241544;,
  0.037741;0.046040;0.203990;,
  0.033662;0.065552;0.188700;,
  0.046988;0.124572;0.174323;,
  0.069452;0.126131;0.164394;,
  0.085394;0.094040;0.203298;,
  0.081863;0.044815;0.195231;,
  0.088331;0.069801;0.232627;,
  0.079380;0.072527;0.173912;,
  0.045483;0.084824;0.137252;,
  0.072640;0.099307;0.153624;,
  -0.002167;-0.012254;0.121023;,
  0.004184;0.004273;0.116811;,
  0.072780;-0.001994;0.124991;,
  -0.002167;-0.012254;0.121023;,
  -0.015523;0.351456;0.013856;,
  -0.001466;0.254791;0.027510;,
  -0.003659;0.205109;0.078740;,
  0.014011;0.160915;0.114376;,
  0.037143;0.094029;0.164965;,
  0.037143;0.094029;0.164965;,
  -0.005746;0.432482;0.036656;,
  0.010010;0.801338;-0.077754;,
  0.000338;0.793212;-0.095102;,
  -0.008114;0.786835;-0.091369;,
  -0.011542;0.790586;-0.078381;,
  0.002945;0.824901;-0.058443;,
  -0.004066;0.838802;-0.039999;,
  -0.024137;0.932466;-0.117317;,
  -0.043978;0.936266;-0.116761;,
  -0.045167;0.918142;-0.140452;,
  -0.009698;0.857551;-0.149378;,
  -0.014253;0.886847;-0.147422;,
  -0.026986;0.854423;-0.154287;,
  0.014156;0.829291;-0.080644;,
  0.004936;0.812389;-0.103323;,
  0.008463;0.814284;-0.071519;,
  0.014644;0.867287;-0.071703;,
  0.013110;0.871974;-0.095739;,
  0.010123;0.906375;-0.109607;,
  -0.000156;0.897744;-0.134101;,
  0.007343;0.861516;-0.120231;,
  0.003069;0.886795;-0.037908;,
  0.012930;0.874571;-0.056657;,
  -0.035211;0.888899;-0.024273;,
  -0.038519;0.932182;-0.047624;,
  -0.006363;0.929112;-0.059646;,
  0.009048;0.839703;-0.114162;,
  -0.006629;0.828917;-0.134540;,
  -0.004818;0.799548;-0.113878;,
  -0.018827;0.772452;-0.118623;,
  -0.038707;0.766250;-0.125463;,
  -0.037199;0.769071;-0.104565;,
  -0.019133;0.907533;-0.142885;,
  -0.003972;0.923230;-0.116124;,
  0.007605;0.922736;-0.078547;,
  -0.007358;0.937156;-0.089949;,
  -0.041519;0.945482;-0.080596;,
  -0.024387;0.943370;-0.083674;,
  -0.034020;0.848831;-0.026987;,
  0.007605;0.922736;-0.078547;,
  -0.007358;0.937156;-0.089949;,
  0.017528;0.859901;-0.083803;,
  0.018429;0.831930;-0.082207;,
  0.024904;0.862774;-0.071329;,
  0.020261;0.879290;-0.083306;,
  0.024904;0.862774;-0.071329;,
  0.018429;0.831930;-0.082207;,
  0.020261;0.879290;-0.083306;,
  0.013110;0.871974;-0.095739;,
  0.014408;0.846866;-0.096869;,
  0.014156;0.829291;-0.080644;,
  -0.008057;0.850564;-0.139514;,
  0.014408;0.846866;-0.096869;,
  0.002052;0.767255;-0.074016;,
  0.001249;0.797888;-0.066572;,
  0.028006;0.747126;-0.085691;,
  0.002945;0.824901;-0.058443;,
  -0.044897;0.739575;-0.069435;,
  -0.046187;0.715580;-0.066076;,
  -0.032003;0.537521;-0.025377;,
  0.016532;0.482361;0.102386;,
  0.016175;0.448178;0.099550;,
  0.013698;0.430519;0.094592;,
  -0.043526;0.773577;-0.086158;,
  -0.005746;0.432482;0.036656;,
  -0.024387;0.943370;-0.083674;,
  -0.041519;0.945482;-0.080596;,
  -0.020172;0.802038;-0.130733;,
  -0.029304;0.822391;-0.141875;,
  -0.028639;0.812938;-0.140026;,
  -0.045508;0.906202;-0.150315;,
  -0.045277;0.882039;-0.158284;,
  -0.027988;0.847693;-0.143189;,
  0.019061;0.603637;0.063363;,
  0.028006;0.747126;-0.085691;,
  0.029042;-0.020241;0.103928;,
  -0.020415;0.795653;-0.129030;,
  -0.028419;0.791872;-0.134771;,
  -0.028605;0.797341;-0.132286;,
  -0.042717;0.816718;-0.154669;,
  -0.041654;0.810443;-0.143705;,
  -0.029378;0.800115;-0.137798;,
  -0.040285;0.797115;-0.131959;,
  -0.040335;0.789253;-0.136175;,
  -0.044273;0.851296;-0.159197;,
  -0.043536;0.842982;-0.153386;,
  0.080143;0.715218;-0.049967;,
  -0.041013;0.798982;-0.140577;,
  0.051759;0.698862;-0.057452;,
  0.047053;0.689762;-0.071839;,
  0.030856;0.686989;-0.097545;,
  0.012930;0.874571;-0.056657;,
  0.026343;0.200097;0.037762;,
  -0.020171;0.209200;-0.030160;,
  -0.002774;0.142018;-0.000846;,
  0.034112;0.144124;0.085696;,
  0.011983;0.242680;-0.017145;,
  -0.024964;0.262583;-0.052527;,
  0.021365;0.345428;-0.025136;,
  -0.026495;0.354522;-0.036264;,
  0.026191;0.444807;-0.031123;,
  -0.022290;0.440233;-0.027894;,
  0.014369;0.487518;-0.026639;,
  0.003431;0.077116;0.025494;,
  0.045483;0.084824;0.137252;,
  0.035713;0.199348;0.161176;,
  0.046434;0.144497;0.203719;,
  0.010701;0.121667;0.163425;,
  0.001603;0.180652;0.124926;,
  -0.007582;0.230342;0.079360;,
  0.020819;0.256576;0.117707;,
  -0.014602;0.276078;0.048501;,
  0.017162;0.278021;0.090301;,
  0.018462;0.355210;0.097922;,
  -0.000580;0.352668;0.078127;,
  0.015184;0.420684;0.099669;,
  0.051759;0.698862;-0.057452;,
  -0.099169;0.744060;-0.024554;,
  -0.108650;0.725081;-0.014655;,
  -0.069946;0.726690;-0.043321;,
  -0.059360;0.759032;-0.043545;,
  -0.111205;0.706800;-0.007774;,
  -0.108365;0.678639;0.016153;,
  -0.093974;0.663015;-0.026831;,
  -0.082946;0.692810;-0.041992;,
  -0.041877;0.790093;-0.020571;,
  -0.039269;0.784310;0.018984;,
  -0.068522;0.784203;0.031028;,
  -0.075674;0.781041;0.000096;,
  -0.077346;0.533949;0.089668;,
  -0.068718;0.547237;0.085712;,
  -0.029346;0.545639;0.093361;,
  -0.030193;0.530154;0.098865;,
  -0.084896;0.545713;0.032565;,
  -0.091334;0.518324;0.051855;,
  -0.070690;0.539914;-0.005792;,
  -0.087287;0.495891;0.020370;,
  -0.062980;0.486058;0.000685;,
  0.010196;0.543490;0.077225;,
  0.009432;0.526631;0.084656;,
  -0.022836;0.659718;0.082122;,
  -0.027500;0.704159;0.075473;,
  0.022943;0.697445;0.049384;,
  0.022935;0.656670;0.057168;,
  -0.088694;0.460994;-0.001876;,
  -0.101353;0.445169;0.043574;,
  -0.128275;0.357651;0.000658;,
  -0.110408;0.374668;-0.039922;,
  -0.126706;0.269183;-0.030303;,
  -0.125091;0.281060;-0.080425;,
  -0.038743;0.460972;-0.012187;,
  -0.057069;0.368470;-0.045747;,
  -0.023864;0.336925;0.014864;,
  0.001551;0.413856;0.061103;,
  -0.080553;0.274267;-0.062985;,
  -0.061401;0.269337;-0.027393;,
  -0.095370;0.332214;0.050312;,
  -0.071498;0.412010;0.084509;,
  -0.095936;0.267888;-0.005724;,
  -0.069631;0.001201;0.003390;,
  -0.038630;0.002315;0.036591;,
  -0.010751;0.004592;0.015791;,
  -0.035780;0.004058;-0.026122;,
  -0.105114;0.217401;-0.057304;,
  -0.116687;0.218131;-0.016310;,
  -0.099563;0.145836;-0.008415;,
  -0.089903;0.145445;-0.048254;,
  -0.076051;0.069978;-0.000942;,
  -0.075319;0.068951;-0.035777;,
  -0.054988;0.207820;-0.057449;,
  -0.051793;0.150342;-0.042571;,
  -0.029665;0.166317;-0.009567;,
  -0.031523;0.232066;-0.013084;,
  -0.047587;0.064768;-0.025091;,
  -0.037793;0.085966;-0.000429;,
  -0.081817;0.158739;0.023275;,
  -0.093144;0.232405;0.024756;,
  -0.058480;0.088739;0.012558;,
  -0.094813;0.489398;0.058786;,
  -0.038743;0.460972;-0.012187;,
  -0.023062;0.484248;0.116598;,
  -0.078252;0.484500;0.110607;,
  -0.020975;0.432666;0.101065;,
  -0.070518;0.428351;0.096904;,
  -0.022299;0.607512;0.086191;,
  -0.058929;0.656837;0.085355;,
  -0.078061;0.658523;0.076630;,
  -0.062799;0.605662;0.081898;,
  -0.082946;0.597981;0.036197;,
  -0.101837;0.648047;0.029565;,
  -0.078712;0.586888;0.001144;,
  -0.092285;0.634000;-0.016782;,
  -0.132802;0.712373;0.017082;,
  -0.154112;0.687663;0.055814;,
  -0.079871;0.717102;0.025543;,
  -0.164340;0.672093;0.100130;,
  -0.117627;0.668834;0.112849;,
  -0.096920;0.681313;0.072508;,
  -0.086394;0.760000;0.068311;,
  -0.096920;0.681313;0.072508;,
  -0.101828;0.735297;0.110285;,
  -0.117627;0.668834;0.112849;,
  -0.124638;0.690556;0.152517;,
  -0.094735;0.767543;0.069706;,
  -0.159050;0.741894;0.093379;,
  -0.137289;0.765743;0.055554;,
  -0.171253;0.693619;0.139980;,
  -0.141901;0.737259;0.031012;,
  -0.164014;0.664980;0.083244;,
  -0.150128;0.608462;0.069743;,
  -0.114728;0.602900;0.077699;,
  -0.108341;0.660209;0.096591;,
  -0.140730;0.560022;0.061438;,
  -0.115351;0.561330;0.070161;,
  -0.108341;0.660209;0.096591;,
  -0.114728;0.602900;0.077699;,
  -0.136264;0.590886;0.129331;,
  -0.123236;0.648022;0.156719;,
  -0.115351;0.561330;0.070161;,
  -0.133943;0.550712;0.103294;,
  -0.163325;0.595526;0.122985;,
  -0.178573;0.652866;0.143365;,
  -0.150220;0.549584;0.096424;,
  -0.097458;0.459512;0.033171;,
  -0.129248;0.459233;0.068728;,
  -0.131662;0.480172;0.073914;,
  -0.099614;0.480868;0.037981;,
  -0.096502;0.516403;0.040791;,
  -0.094555;0.516815;0.029296;,
  -0.097403;0.502406;0.031641;,
  -0.095481;0.505307;0.042079;,
  -0.126430;0.513626;0.093251;,
  -0.103595;0.531142;0.052707;,
  -0.123527;0.510544;0.033025;,
  -0.140431;0.483961;0.075366;,
  -0.157550;0.481832;0.065342;,
  -0.160486;0.524503;0.080869;,
  -0.137414;0.543903;0.038522;,
  -0.141534;0.508124;0.024878;,
  -0.096360;0.787736;0.019358;,
  -0.117415;0.780404;-0.000578;,
  -0.086508;0.769900;-0.016707;,
  -0.075674;0.781041;0.000096;,
  -0.067993;0.706408;0.080231;,
  -0.063281;0.776445;-0.033464;,
  -0.124581;0.755057;-0.012058;,
  -0.117447;0.729220;0.002315;,
  -0.108650;0.725081;-0.014655;,
  -0.099169;0.744060;-0.024554;,
  -0.079426;0.752890;0.060708;,
  -0.084120;0.756201;0.057543;,
  -0.034768;0.741942;0.056684;,
  0.016292;0.731379;0.031002;,
  -0.002298;0.772782;-0.008331;,
  -0.068522;0.784203;0.031028;,
  -0.084120;0.756201;0.057543;,
  -0.096740;0.712655;0.018069;,
  -0.079871;0.717102;0.025543;,
  -0.087813;0.744855;0.054029;,
  -0.099053;0.679721;0.027595;,
  -0.086693;0.693967;0.057242;,
  -0.111205;0.706800;-0.007774;,
  -0.082923;0.702018;0.071616;,
  -0.103595;0.531142;0.052707;,
  -0.062989;0.801381;-0.043867;,
  -0.047815;0.808186;-0.028717;,
  -0.021394;0.811078;-0.030340;,
  -0.015152;0.790078;-0.033063;,
  -0.141534;0.508124;0.024878;,
  -0.097458;0.459512;0.033171;,
  -0.129248;0.459233;0.068728;,
  -0.111226;0.522639;0.020090;,
  -0.111730;0.528478;0.045322;,
  -0.111730;0.528478;0.045322;,
  -0.113296;0.510778;0.044270;,
  -0.122734;0.503746;0.022655;,
  -0.122734;0.503746;0.022655;,
  -0.094555;0.516815;0.029296;,
  -0.096502;0.516403;0.040791;,
  -0.097403;0.502406;0.031641;,
  -0.122302;0.020855;-0.053631;,
  -0.129709;-0.001226;-0.056542;,
  -0.123846;0.000335;-0.108048;,
  -0.119615;0.019104;-0.102650;,
  -0.016310;0.037951;0.005814;,
  -0.037805;0.028995;-0.028400;,
  -0.035780;0.004058;-0.026122;,
  -0.010751;0.004592;0.015791;,
  -0.037793;0.085966;-0.000429;,
  -0.049856;0.038276;0.030502;,
  -0.058480;0.088739;0.012558;,
  -0.069631;0.001201;0.003390;,
  -0.074261;0.035943;0.002907;,
  -0.038630;0.002315;0.036591;,
  -0.075319;0.068951;-0.035777;,
  -0.076051;0.069978;-0.000942;,
  -0.091256;0.018063;-0.110957;,
  -0.089758;0.002812;-0.120775;,
  -0.089758;0.002812;-0.120775;,
  -0.129709;-0.001226;-0.056542;,
  -0.057069;0.368470;-0.045747;,
  -0.080553;0.274267;-0.062985;,
  -0.054988;0.207820;-0.057449;,
  -0.051793;0.150342;-0.042571;,
  -0.047587;0.064768;-0.025091;,
  -0.047587;0.064768;-0.025091;,
  -0.081883;0.798127;-0.070687;,
  -0.061303;0.793291;-0.060793;,
  -0.065089;0.784845;-0.086988;,
  -0.074434;0.790600;-0.089352;,
  -0.073604;0.822226;-0.052556;,
  -0.064840;0.836678;-0.035326;,
  -0.063359;0.931096;-0.114301;,
  -0.043978;0.936266;-0.116761;,
  -0.077292;0.855190;-0.144180;,
  -0.060782;0.853243;-0.151688;,
  -0.074536;0.884741;-0.142786;,
  -0.081552;0.809367;-0.096672;,
  -0.088351;0.825710;-0.072761;,
  -0.080305;0.811183;-0.064693;,
  -0.090103;0.863627;-0.063648;,
  -0.092586;0.868281;-0.087611;,
  -0.089916;0.858118;-0.112751;,
  -0.087155;0.894704;-0.127411;,
  -0.094146;0.902732;-0.101589;,
  -0.086621;0.871093;-0.049002;,
  -0.074885;0.884071;-0.031913;,
  -0.035211;0.888899;-0.024273;,
  -0.071842;0.926825;-0.054611;,
  -0.038519;0.932182;-0.047624;,
  -0.089157;0.836272;-0.106611;,
  -0.072658;0.797177;-0.108662;,
  -0.076066;0.826491;-0.129200;,
  -0.057692;0.771094;-0.115634;,
  -0.070467;0.905740;-0.138938;,
  -0.082415;0.920489;-0.110092;,
  -0.076047;0.934757;-0.084667;,
  -0.088056;0.919393;-0.071190;,
  -0.058732;0.942171;-0.081032;,
  -0.041519;0.945482;-0.080596;,
  -0.034020;0.848831;-0.026987;,
  -0.088056;0.919393;-0.071190;,
  -0.076047;0.934757;-0.084667;,
  -0.099678;0.858421;-0.061749;,
  -0.092889;0.828041;-0.073647;,
  -0.094282;0.855995;-0.075205;,
  -0.098063;0.875156;-0.074207;,
  -0.092889;0.828041;-0.073647;,
  -0.099678;0.858421;-0.061749;,
  -0.098063;0.875156;-0.074207;,
  -0.092586;0.868281;-0.087611;,
  -0.092296;0.843138;-0.088663;,
  -0.088351;0.825710;-0.072761;,
  -0.076919;0.848158;-0.134219;,
  -0.092296;0.843138;-0.088663;,
  -0.062989;0.801381;-0.043867;,
  -0.063281;0.776445;-0.033464;,
  -0.086508;0.769900;-0.016707;,
  -0.073604;0.822226;-0.052556;,
  0.016532;0.482361;0.102386;,
  0.016175;0.448178;0.099550;,
  0.013698;0.430519;0.094592;,
  -0.005746;0.432482;0.036656;,
  -0.058732;0.942171;-0.081032;,
  -0.041519;0.945482;-0.080596;,
  -0.060268;0.800637;-0.127649;,
  -0.054096;0.812049;-0.138069;,
  -0.054379;0.821515;-0.139947;,
  -0.057632;0.846657;-0.140909;,
  0.019061;0.603637;0.063363;,
  -0.086508;0.769900;-0.016707;,
  -0.123846;0.000335;-0.108048;,
  -0.052049;0.791046;-0.132954;,
  -0.059325;0.794293;-0.126038;,
  -0.051866;0.796528;-0.130497;,
  -0.052137;0.799319;-0.136048;,
  -0.087813;0.744855;0.054029;,
  -0.084031;0.721073;0.028039;,
  -0.096740;0.712655;0.018069;,
  -0.111205;0.706800;-0.007774;,
  -0.086621;0.871093;-0.049002;,
  -0.073467;0.224564;-0.085297;,
  -0.070559;0.149314;-0.069277;,
  -0.041377;0.147743;-0.045720;,
  -0.047008;0.221322;-0.063110;,
  -0.086757;0.284540;-0.095090;,
  -0.051866;0.280473;-0.085707;,
  -0.062688;0.371250;-0.061479;,
  -0.041445;0.359872;-0.056670;,
  -0.048522;0.454298;-0.031888;,
  -0.033229;0.440448;-0.032129;,
  -0.028116;0.479018;-0.024178;,
  -0.062980;0.486058;0.000685;,
  -0.064646;0.077897;-0.060875;,
  -0.038100;0.084096;-0.034276;,
  -0.003469;0.092993;0.035093;,
  -0.058468;0.088741;0.012552;,
  -0.081817;0.158739;0.023275;,
  -0.018676;0.164516;0.023813;,
  -0.093144;0.232405;0.024756;,
  -0.029996;0.229726;0.004030;,
  -0.037767;0.265594;-0.003884;,
  -0.095936;0.267888;-0.005724;,
  -0.095370;0.332214;0.050312;,
  -0.013848;0.329757;0.027300;,
  0.016175;0.448178;0.099550;,
  -0.020975;0.432666;0.101065;,
  -0.084031;0.721073;0.028039;,
  -0.088694;0.460994;-0.001876;,
  -0.110408;0.374668;-0.039922;,
  -0.125091;0.281060;-0.080425;,
  -0.105114;0.217401;-0.057304;,
  -0.089903;0.145445;-0.048254;,
  -0.075319;0.068951;-0.035777;,
  0.084097;0.426783;0.050849;,
  0.087239;0.344182;0.051216;,
  0.052555;0.444095;0.086475;,
  0.053023;0.266364;0.048498;,
  0.079791;0.248055;0.081871;,
  0.082134;0.185484;0.122325;,
  0.069452;0.126131;0.164394;,
  -0.071498;0.412010;0.084509;,
  0.018602;0.721564;-0.095995;,
  0.018602;0.721564;-0.095995;,
  -0.012002;0.752370;-0.072941;,
  -0.012002;0.752370;-0.072941;,
  -0.012002;0.752370;-0.072941;,
  -0.012002;0.752370;-0.072941;,
  -0.012002;0.752370;-0.072941;,
  -0.012002;0.752370;-0.072941;,
  0.025857;0.700585;-0.096721;,
  0.025857;0.700585;-0.096721;,
  0.030856;0.686989;-0.097545;,
  0.030856;0.686989;-0.097545;,
  0.030856;0.686989;-0.097545;,
  -0.003090;0.651230;-0.083951;,
  -0.003090;0.651230;-0.083951;,
  -0.003090;0.651230;-0.083951;,
  -0.003090;0.651230;-0.083951;,
  -0.003090;0.651230;-0.083951;,
  0.044179;0.658857;-0.079720;,
  0.044179;0.658857;-0.079720;,
  0.044179;0.658857;-0.079720;,
  0.044179;0.658857;-0.079720;,
  0.044179;0.658857;-0.079720;,
  0.007112;0.783202;-0.050979;,
  0.007112;0.783202;-0.050979;,
  0.007112;0.783202;-0.050979;,
  0.007112;0.783202;-0.050979;,
  0.007112;0.783202;-0.050979;,
  0.007112;0.783202;-0.050979;,
  0.042316;0.758698;-0.067740;,
  0.042316;0.758698;-0.067740;,
  0.063439;0.763379;-0.048684;,
  0.063439;0.763379;-0.048684;,
  0.063439;0.763379;-0.048684;,
  0.049695;0.545569;0.061100;,
  0.049695;0.545569;0.061100;,
  0.049695;0.545569;0.061100;,
  0.049695;0.545569;0.061100;,
  0.049695;0.545569;0.061100;,
  0.072310;0.547113;0.028151;,
  0.072310;0.547113;0.028151;,
  0.072310;0.547113;0.028151;,
  0.072310;0.547113;0.028151;,
  0.072310;0.547113;0.028151;,
  0.046377;0.545597;-0.021014;,
  0.046377;0.545597;-0.021014;,
  0.046377;0.545597;-0.021014;,
  0.046377;0.545597;-0.021014;,
  0.046377;0.545597;-0.021014;,
  0.046377;0.545597;-0.021014;,
  0.009317;0.539844;-0.038447;,
  0.009317;0.539844;-0.038447;,
  0.009317;0.539844;-0.038447;,
  0.009317;0.539844;-0.038447;,
  0.009317;0.539844;-0.038447;,
  0.044509;0.496998;-0.027411;,
  0.044509;0.496998;-0.027411;,
  0.044509;0.496998;-0.027411;,
  0.044509;0.496998;-0.027411;,
  0.044509;0.496998;-0.027411;,
  0.044509;0.496998;-0.027411;,
  -0.052486;0.653823;-0.060964;,
  -0.052486;0.653823;-0.060964;,
  -0.052486;0.653823;-0.060964;,
  -0.052486;0.653823;-0.060964;,
  -0.052486;0.653823;-0.060964;,
  0.010196;0.543490;0.077225;,
  0.010196;0.543490;0.077225;,
  0.064477;0.649623;0.026375;,
  0.064477;0.649623;0.026375;,
  0.064477;0.649623;0.026375;,
  0.064477;0.649623;0.026375;,
  0.022935;0.656670;0.057168;,
  0.022935;0.656670;0.057168;,
  0.022943;0.697445;0.049384;,
  0.022943;0.697445;0.049384;,
  0.068404;0.691723;0.015198;,
  0.068404;0.691723;0.015198;,
  0.068404;0.691723;0.015198;,
  0.068404;0.691723;0.015198;,
  0.068404;0.691723;0.015198;,
  0.070584;0.441912;-0.006927;,
  0.070584;0.441912;-0.006927;,
  0.070584;0.441912;-0.006927;,
  0.070584;0.441912;-0.006927;,
  0.070584;0.441912;-0.006927;,
  0.070584;0.441912;-0.006927;,
  0.011983;0.242680;-0.017145;,
  0.011983;0.242680;-0.017145;,
  0.011983;0.242680;-0.017145;,
  0.011983;0.242680;-0.017145;,
  0.011983;0.242680;-0.017145;,
  0.053155;0.250334;0.012656;,
  0.053155;0.250334;0.012656;,
  0.053155;0.250334;0.012656;,
  0.053155;0.250334;0.012656;,
  0.053155;0.250334;0.012656;,
  0.015421;0.430110;0.085702;,
  0.015421;0.430110;0.085702;,
  0.015421;0.430110;0.085702;,
  0.015421;0.430110;0.085702;,
  0.015421;0.430110;0.085702;,
  0.015421;0.430110;0.085702;,
  0.015421;0.430110;0.085702;,
  0.014618;0.268646;0.062070;,
  0.014618;0.268646;0.062070;,
  0.014618;0.268646;0.062070;,
  0.014618;0.268646;0.062070;,
  0.014618;0.268646;0.062070;,
  -0.001466;0.254791;0.027510;,
  0.084097;0.426783;0.050849;,
  0.084097;0.426783;0.050849;,
  0.084097;0.426783;0.050849;,
  0.084097;0.426783;0.050849;,
  0.084097;0.426783;0.050849;,
  0.053023;0.266364;0.048498;,
  0.053023;0.266364;0.048498;,
  0.053023;0.266364;0.048498;,
  0.053023;0.266364;0.048498;,
  0.053023;0.266364;0.048498;,
  0.053023;0.266364;0.048498;,
  0.045483;0.084824;0.137252;,
  0.045483;0.084824;0.137252;,
  0.072640;0.099307;0.153624;,
  0.072640;0.099307;0.153624;,
  0.072640;0.099307;0.153624;,
  0.046988;0.124572;0.174323;,
  0.046988;0.124572;0.174323;,
  0.069452;0.126131;0.164394;,
  0.069452;0.126131;0.164394;,
  0.087569;0.439297;0.051931;,
  0.087569;0.439297;0.051931;,
  0.087569;0.439297;0.051931;,
  0.087569;0.439297;0.051931;,
  0.052555;0.444095;0.086475;,
  0.052555;0.444095;0.086475;,
  0.052555;0.444095;0.086475;,
  0.052555;0.444095;0.086475;,
  0.058163;0.600135;0.036859;,
  0.058163;0.600135;0.036859;,
  0.058163;0.600135;0.036859;,
  0.058163;0.600135;0.036859;,
  0.058163;0.600135;0.036859;,
  0.058163;0.600135;0.036859;,
  0.081507;0.640600;-0.004310;,
  0.081507;0.640600;-0.004310;,
  0.081507;0.640600;-0.004310;,
  0.081507;0.640600;-0.004310;,
  0.081507;0.640600;-0.004310;,
  0.081640;0.640059;-0.025334;,
  0.081640;0.640059;-0.025334;,
  0.081640;0.640059;-0.025334;,
  0.081640;0.640059;-0.025334;,
  0.081640;0.640059;-0.025334;,
  0.081640;0.640059;-0.025334;,
  0.047005;0.630838;-0.065467;,
  0.047005;0.630838;-0.065467;,
  0.047005;0.630838;-0.065467;,
  0.047005;0.630838;-0.065467;,
  0.047005;0.630838;-0.065467;,
  0.038818;0.586818;-0.038457;,
  0.038818;0.586818;-0.038457;,
  0.038818;0.586818;-0.038457;,
  0.038818;0.586818;-0.038457;,
  0.038818;0.586818;-0.038457;,
  0.038818;0.586818;-0.038457;,
  0.071876;0.593315;-0.000671;,
  0.071876;0.593315;-0.000671;,
  0.071876;0.593315;-0.000671;,
  0.071876;0.593315;-0.000671;,
  -0.001044;0.623450;-0.075037;,
  -0.001044;0.623450;-0.075037;,
  -0.001044;0.623450;-0.075037;,
  -0.001044;0.623450;-0.075037;,
  -0.001044;0.623450;-0.075037;,
  0.004180;0.579289;-0.049677;,
  0.004180;0.579289;-0.049677;,
  0.004180;0.579289;-0.049677;,
  0.004180;0.579289;-0.049677;,
  0.004180;0.579289;-0.049677;,
  -0.050470;0.630159;-0.051734;,
  -0.050470;0.630159;-0.051734;,
  -0.050470;0.630159;-0.051734;,
  -0.050470;0.630159;-0.051734;,
  -0.050470;0.630159;-0.051734;,
  -0.050470;0.630159;-0.051734;,
  -0.050470;0.630159;-0.051734;,
  -0.039558;0.577646;-0.027205;,
  -0.039558;0.577646;-0.027205;,
  -0.039558;0.577646;-0.027205;,
  -0.039558;0.577646;-0.027205;,
  -0.039558;0.577646;-0.027205;,
  0.062455;0.591095;-0.061475;,
  0.062455;0.591095;-0.061475;,
  0.099538;0.593828;-0.092602;,
  0.099538;0.593828;-0.092602;,
  0.099538;0.593828;-0.092602;,
  0.099538;0.593828;-0.092602;,
  0.099538;0.593828;-0.092602;,
  0.085251;0.576048;-0.031053;,
  0.085251;0.576048;-0.031053;,
  0.085251;0.576048;-0.031053;,
  0.085251;0.576048;-0.031053;,
  0.085251;0.576048;-0.031053;,
  0.062455;0.591095;-0.061475;,
  0.122182;0.578502;-0.062140;,
  0.122182;0.578502;-0.062140;,
  0.122182;0.578502;-0.062140;,
  0.122182;0.578502;-0.062140;,
  0.122182;0.578502;-0.062140;,
  0.122182;0.578502;-0.062140;,
  -0.003093;0.579964;-0.157557;,
  -0.003093;0.579964;-0.157557;,
  0.009891;0.576671;-0.170787;,
  0.009891;0.576671;-0.170787;,
  0.009891;0.576671;-0.170787;,
  0.009891;0.576671;-0.170787;,
  0.009891;0.576671;-0.170787;,
  0.009891;0.576671;-0.170787;,
  0.061305;0.548019;-0.053655;,
  0.061305;0.548019;-0.053655;,
  0.061305;0.548019;-0.053655;,
  0.061305;0.548019;-0.053655;,
  0.061305;0.548019;-0.053655;,
  0.000043;0.548871;-0.145451;,
  0.000043;0.548871;-0.145451;,
  0.000043;0.548871;-0.145451;,
  0.000043;0.548871;-0.145451;,
  -0.003093;0.579964;-0.157557;,
  -0.003093;0.579964;-0.157557;,
  0.106207;0.549530;-0.088931;,
  0.106207;0.549530;-0.088931;,
  0.106207;0.549530;-0.088931;,
  0.106207;0.549530;-0.088931;,
  0.014856;0.541701;-0.161998;,
  0.014856;0.541701;-0.161998;,
  0.014856;0.541701;-0.161998;,
  0.014856;0.541701;-0.161998;,
  0.014856;0.541701;-0.161998;,
  0.069402;0.750463;-0.079156;,
  0.069402;0.750463;-0.079156;,
  0.069402;0.750463;-0.079156;,
  0.069402;0.750463;-0.079156;,
  0.059046;0.740914;-0.105523;,
  0.059046;0.740914;-0.105523;,
  0.059046;0.740914;-0.105523;,
  0.059046;0.740914;-0.105523;,
  0.059046;0.740914;-0.105523;,
  0.042316;0.758698;-0.067740;,
  0.042316;0.758698;-0.067740;,
  0.028006;0.747126;-0.085691;,
  0.089855;0.685939;-0.018976;,
  0.089855;0.685939;-0.018976;,
  0.089855;0.685939;-0.018976;,
  0.089855;0.685939;-0.018976;,
  0.089855;0.685939;-0.018976;,
  0.089855;0.685939;-0.018976;,
  0.002052;0.767255;-0.074016;,
